epoch	loss	acc	val_loss	val_acc
0	2.248045	0.165740	2.094878	0.222900
1	2.010524	0.267800	1.941669	0.304400
2	1.888541	0.319680	1.794222	0.355800
3	1.818188	0.345640	1.775072	0.358700
4	1.793358	0.353960	1.747920	0.372900
5	1.777571	0.360740	1.703998	0.388700
6	1.737540	0.378980	1.696734	0.397600
7	1.748841	0.373100	1.717961	0.382300
8	1.704802	0.393020	1.652646	0.406000
9	1.692739	0.394280	1.618638	0.419200
10	1.660248	0.406380	1.601152	0.429600
11	1.619576	0.423340	1.582188	0.432800
12	1.595878	0.430620	1.525106	0.461600
13	1.576575	0.436300	1.518164	0.460100
14	1.573966	0.441400	1.569803	0.436400
15	1.582532	0.433900	1.521057	0.466500
16	1.552281	0.446900	1.610319	0.431800
17	1.577211	0.441500	1.541375	0.462000
18	1.564164	0.443360	1.535340	0.450000
19	1.538937	0.450980	1.488373	0.476600
20	1.526221	0.457760	1.489506	0.474100
21	1.484610	0.471040	1.455145	0.484900
22	1.530240	0.454840	1.458829	0.481100
23	1.489100	0.469400	1.532316	0.459600
24	1.508469	0.463800	1.492359	0.461000
25	1.487117	0.467760	1.442785	0.485000
26	1.466978	0.476780	1.426766	0.499000
27	1.434296	0.490420	1.424618	0.495800
28	1.440710	0.484360	1.449179	0.487400
29	1.451786	0.482180	1.485617	0.471900
30	1.512500	0.458100	1.513434	0.456900
31	1.511956	0.458140	1.522601	0.456800
32	1.505692	0.463020	1.516905	0.463000
33	1.524898	0.457660	1.423905	0.492600
34	1.444065	0.484060	1.428029	0.496800
35	1.425665	0.490160	1.422193	0.494500
36	1.408018	0.497400	1.395396	0.506900
37	1.394483	0.501120	1.378693	0.504900
38	1.399962	0.500760	1.417463	0.502600
39	1.395654	0.501380	1.416498	0.498800
40	1.378209	0.506820	1.382726	0.505200
41	1.397960	0.499980	1.397321	0.501100
42	1.387969	0.505960	1.413154	0.490600
43	1.383837	0.502920	1.413741	0.491100
44	1.425729	0.488520	1.402167	0.495300
45	1.394442	0.500780	1.389125	0.506900
46	1.368432	0.507400	1.370153	0.509100
47	1.361504	0.512600	1.363811	0.512100
48	1.363952	0.508760	1.459259	0.476900
49	1.527734	0.450720	1.440334	0.479600
50	1.437785	0.487140	1.452781	0.478200
51	1.400631	0.499740	1.369826	0.510400
52	1.367041	0.508380	1.372873	0.516600
53	1.386405	0.504880	1.373584	0.517000
54	1.366510	0.510180	1.461113	0.479000
55	1.431260	0.485580	1.406741	0.496300
56	1.406683	0.496980	1.408055	0.504200
57	1.391591	0.500180	1.395958	0.509100
58	1.358955	0.514280	1.356884	0.512800
59	1.340593	0.520580	1.345259	0.518500
60	1.366957	0.511560	1.380546	0.506200
61	1.354976	0.514520	1.362032	0.511000
62	1.334864	0.521760	1.325835	0.526800
63	1.325323	0.525640	1.346160	0.521600
64	1.321232	0.528700	1.367383	0.516300
65	1.312270	0.529580	1.393947	0.503600
66	1.332136	0.523760	1.364368	0.514300
67	1.322798	0.526740	1.344020	0.522600
68	1.316980	0.528060	1.363337	0.519800
69	1.346932	0.516640	1.366189	0.509000
70	1.334454	0.522280	1.351718	0.523200
71	1.336349	0.521220	1.405806	0.493900
72	1.412871	0.492640	1.418065	0.499100
73	1.380326	0.506140	1.391969	0.506200
74	1.371828	0.507180	1.382715	0.509400
75	1.374770	0.508900	1.387560	0.505700
76	1.345718	0.518820	1.345501	0.521700
77	1.330894	0.524600	1.344561	0.514600
78	1.307875	0.530060	1.336410	0.527900
79	1.319925	0.524280	1.352993	0.521000
80	1.339091	0.520080	1.360863	0.515200
81	1.330100	0.526060	1.360319	0.514700
82	1.308692	0.528440	1.390644	0.506900
83	1.309608	0.530540	1.324789	0.529300
84	1.282164	0.539700	1.333964	0.522800
85	1.287368	0.535360	1.327391	0.526000
86	1.268321	0.544180	1.322500	0.530400
87	1.273516	0.544360	1.322957	0.536000
88	1.264755	0.544980	1.322863	0.529200
89	1.268832	0.544040	1.343803	0.518400
90	1.273599	0.541860	1.339968	0.520800
91	1.289378	0.537360	1.358092	0.517900
92	1.311684	0.529060	1.363266	0.507000
93	1.315086	0.529820	1.343017	0.526800
94	1.306554	0.531620	1.356858	0.519400
95	1.282365	0.542420	1.308542	0.536300
96	1.248878	0.550320	1.349128	0.525400
97	1.268346	0.545360	1.301494	0.534800
98	1.251353	0.553360	1.339578	0.526600
99	1.252491	0.552500	1.294755	0.539800
100	1.234326	0.558600	1.312064	0.532900
101	1.259774	0.547080	1.323704	0.527500
102	1.249955	0.551180	1.306340	0.536100
103	1.225736	0.559780	1.331704	0.525500
104	1.232656	0.557480	1.309973	0.531900
105	1.240861	0.555020	1.312484	0.531000
106	1.254774	0.549420	1.317121	0.529400
107	1.235246	0.555020	1.309533	0.537400
108	1.224605	0.558460	1.299924	0.540300
109	1.213070	0.565560	1.312552	0.533600
110	1.212236	0.564100	1.287193	0.544500
111	1.232797	0.557040	1.302016	0.536700
112	1.221283	0.562720	1.298634	0.536100
113	1.202953	0.568100	1.299024	0.536800
114	1.202419	0.568980	1.299352	0.541900
115	1.186629	0.574180	1.317249	0.529900
116	1.213555	0.565140	1.294738	0.544100
117	1.204167	0.567840	1.315745	0.530400
118	1.201086	0.568780	1.312711	0.541800
119	1.214727	0.562720	1.313434	0.537800
120	1.203758	0.567060	1.307037	0.538100
121	1.205719	0.566180	1.304214	0.535700
122	1.184354	0.572860	1.297630	0.534600
123	1.180011	0.576900	1.300358	0.541900
124	1.186188	0.575700	1.296259	0.543300
125	1.180829	0.574520	1.294770	0.545600
126	1.174118	0.578640	1.314299	0.534700
127	1.192828	0.572980	1.327535	0.527600
128	1.177740	0.576260	1.295378	0.543600
129	1.183098	0.576440	1.317753	0.530900
130	1.162191	0.584380	1.293007	0.544400
131	1.163995	0.579760	1.292979	0.543300
132	1.169404	0.579700	1.292424	0.541400
133	1.220376	0.560780	1.331070	0.526200
134	1.229384	0.559180	1.314859	0.531000
135	1.205616	0.567000	1.321090	0.531500
136	1.176563	0.578240	1.276976	0.549800
137	1.171606	0.579600	1.314063	0.533300
138	1.173600	0.578880	1.321338	0.534000
139	1.151885	0.587000	1.270028	0.549900
140	1.141420	0.589860	1.272540	0.546100
141	1.132461	0.592060	1.273856	0.546400
142	1.129276	0.595020	1.301715	0.534300
143	1.135692	0.589800	1.296527	0.539900
144	1.130815	0.595540	1.290586	0.539900
145	1.131748	0.596160	1.280988	0.546000
146	1.130747	0.591900	1.299851	0.535900
147	1.152840	0.586700	1.296235	0.539600
148	1.149688	0.587420	1.276853	0.549900
149	1.133487	0.592240	1.285075	0.550400
150	1.130976	0.592980	1.302803	0.538300
151	1.120955	0.594560	1.314880	0.536200
152	1.127368	0.593520	1.288519	0.544000
153	1.114197	0.598640	1.281236	0.542600
154	1.111289	0.599260	1.278225	0.547500
155	1.108103	0.600680	1.298875	0.542200
156	1.089554	0.607780	1.265408	0.551200
157	1.082400	0.611360	1.270719	0.548700
158	1.083552	0.611520	1.264636	0.553800
159	1.072315	0.613440	1.277159	0.549400
160	1.074805	0.615080	1.298669	0.539900
161	1.076714	0.611480	1.264346	0.559700
162	1.058871	0.621820	1.276779	0.554400
163	1.071925	0.614180	1.268709	0.555000
164	1.075783	0.615300	1.279078	0.550900
165	1.107805	0.603120	1.298610	0.545200
166	1.091605	0.607900	1.275319	0.551600
167	1.078002	0.612060	1.282380	0.550800
168	1.076636	0.613020	1.277569	0.554500
169	1.066269	0.615920	1.304619	0.544900
170	1.065867	0.616360	1.268049	0.553100
171	1.057228	0.621100	1.270201	0.554700
172	1.047136	0.624600	1.259638	0.562100
173	1.038486	0.625440	1.268028	0.556300
174	1.048023	0.623740	1.317229	0.546300
175	1.090925	0.611160	1.289796	0.547700
176	1.060849	0.617900	1.286326	0.551000
177	1.058241	0.620120	1.288661	0.545800
178	1.071168	0.613200	1.322785	0.531000
179	1.072002	0.616940	1.273768	0.556800
180	1.053255	0.623220	1.267871	0.554800
181	1.036943	0.624960	1.278880	0.551900
182	1.044025	0.625820	1.289119	0.549500
183	1.055561	0.621260	1.311868	0.547000
184	1.039088	0.625100	1.328699	0.536700
185	1.059133	0.621280	1.275090	0.555100
186	1.039850	0.627860	1.295242	0.549800
187	1.033494	0.628040	1.296560	0.548700
188	1.031103	0.629020	1.299389	0.541300
189	1.034093	0.625040	1.297350	0.540200
190	1.033169	0.626060	1.303660	0.548800
191	1.035925	0.626480	1.290737	0.551100
192	1.065126	0.616260	1.287951	0.547800
193	1.026040	0.631860	1.267316	0.556500
194	1.007779	0.638380	1.278973	0.551300
195	1.014416	0.632800	1.301722	0.546000
196	1.006562	0.639340	1.302388	0.551700
197	0.999598	0.640980	1.307444	0.546000
198	1.033761	0.628840	1.300259	0.546500
199	1.007188	0.637820	1.279490	0.557200
200	1.005395	0.637780	1.281000	0.557100
201	0.997561	0.639720	1.295614	0.548600
202	1.014006	0.634440	1.299233	0.546500
203	1.020696	0.631140	1.308444	0.546100
204	1.010668	0.635780	1.288576	0.552600
205	0.991421	0.643400	1.287117	0.554400
206	0.992603	0.640880	1.293967	0.549900
207	0.993003	0.641160	1.303867	0.547900
208	0.973784	0.650540	1.274226	0.556200
209	0.975767	0.647900	1.280460	0.554700
210	0.963850	0.652400	1.283668	0.555400
211	0.991767	0.643480	1.293131	0.550300
212	0.985737	0.643100	1.286227	0.555900
213	0.978070	0.647800	1.307128	0.553100
214	0.998795	0.640180	1.297209	0.550900
215	0.985574	0.643460	1.310323	0.545600
216	0.985732	0.645760	1.296553	0.548900
217	0.995870	0.639700	1.290537	0.548300
218	0.988041	0.645640	1.310291	0.547300
219	0.996058	0.641740	1.317970	0.549200
220	0.975598	0.650160	1.304894	0.546000
221	0.963609	0.654440	1.306901	0.555300
222	0.963653	0.651580	1.311138	0.551500
223	0.962305	0.650420	1.288573	0.557100
224	0.958533	0.653920	1.295411	0.546300
225	0.972863	0.650340	1.331932	0.542200
226	0.979577	0.646360	1.283345	0.553300
227	0.961817	0.654340	1.301372	0.550300
228	0.969068	0.650480	1.317333	0.549100
229	0.969872	0.649980	1.339657	0.539900
230	0.969969	0.645700	1.303714	0.548500
231	0.973451	0.648180	1.308865	0.550100
232	0.974988	0.647060	1.296192	0.555500
233	0.949480	0.657960	1.296701	0.556900
234	0.970995	0.647320	1.341144	0.537800
235	0.973527	0.648460	1.313586	0.545700
236	0.962692	0.652820	1.296101	0.553000
237	0.946420	0.658640	1.308436	0.546300
238	0.937152	0.659860	1.289815	0.555900
239	0.923211	0.665220	1.327938	0.548200
240	0.945475	0.659280	1.326283	0.544700
241	0.923185	0.665140	1.294322	0.557900
242	0.921970	0.667060	1.310162	0.549000
243	0.911752	0.671840	1.338291	0.545700
244	0.931621	0.662820	1.307431	0.550400
245	0.934686	0.660120	1.319280	0.542600
246	0.916631	0.670720	1.302192	0.557700
247	0.915026	0.671220	1.303828	0.559900
248	0.917354	0.668140	1.312042	0.550400
249	0.927310	0.665900	1.331335	0.546600
250	0.936941	0.662540	1.317948	0.551300
251	0.925164	0.666020	1.301671	0.556000
252	0.903692	0.673480	1.299898	0.555000
253	0.901116	0.675260	1.313103	0.557300
254	0.906218	0.673040	1.335651	0.548400
255	0.905863	0.673400	1.304189	0.554500
256	0.914787	0.670800	1.314326	0.545600
257	0.914877	0.669580	1.337177	0.546300
258	0.939892	0.662360	1.362213	0.536900
259	0.986434	0.643720	1.333133	0.541600
260	0.972880	0.649220	1.338750	0.542000
261	0.938711	0.660820	1.334793	0.546500
262	0.931479	0.663860	1.327631	0.547700
263	0.916353	0.669760	1.324070	0.553900
264	0.905716	0.672820	1.328398	0.544000
265	0.925633	0.664340	1.331013	0.547200
266	0.939975	0.661680	1.318564	0.548900
267	0.929615	0.663360	1.299961	0.558000
268	0.899042	0.675500	1.312066	0.553900
269	0.900066	0.675700	1.327075	0.557400
270	0.935012	0.662940	1.333972	0.544300
271	0.928207	0.663700	1.342663	0.549600
272	0.916868	0.669560	1.334797	0.546000
273	0.930513	0.664980	1.321917	0.545700
274	0.924173	0.665520	1.336056	0.551700
275	0.908853	0.670160	1.332838	0.556100
276	0.899546	0.675840	1.321795	0.554100
277	0.886717	0.681760	1.344727	0.546000
278	0.908686	0.672260	1.332739	0.552000
279	0.883808	0.681300	1.329282	0.552200
280	0.873533	0.684380	1.325867	0.553300
281	0.874543	0.683700	1.331207	0.553300
282	0.880888	0.680360	1.328879	0.546900
283	0.875945	0.684200	1.321607	0.551700
284	0.906621	0.674300	1.333445	0.551300
285	0.887755	0.679000	1.341716	0.555100
286	0.889355	0.679640	1.328410	0.548400
287	0.882516	0.681620	1.339314	0.547300
288	0.857755	0.692360	1.342542	0.550400
289	0.858542	0.691200	1.331248	0.550200
290	0.869453	0.687320	1.352112	0.544300
291	0.881159	0.681380	1.335687	0.553700
292	0.877328	0.680880	1.317974	0.559000
293	0.860490	0.692280	1.338112	0.551400
294	0.860260	0.690060	1.340377	0.551900
295	0.854358	0.692300	1.337252	0.560600
296	0.856739	0.693700	1.348975	0.548100
297	0.866170	0.687440	1.328826	0.556700
298	0.845459	0.696900	1.328650	0.554800
299	0.846700	0.693420	1.372530	0.555300
300	0.843498	0.697600	1.355717	0.555300
301	0.848991	0.695540	1.371195	0.549700
302	0.845717	0.696040	1.322325	0.561000
303	0.837614	0.701540	1.315583	0.561200
304	0.845536	0.694740	1.357609	0.548200
305	0.843139	0.697040	1.342968	0.554700
306	0.833474	0.700740	1.362586	0.545000
307	0.852388	0.692660	1.345129	0.555700
308	0.843776	0.693640	1.347306	0.556300
309	0.833863	0.697040	1.353709	0.545600
310	0.829755	0.702200	1.340967	0.557300
311	0.821861	0.702820	1.330582	0.558800
312	0.831581	0.699540	1.351729	0.555600
313	0.818140	0.707060	1.343154	0.560800
314	0.821593	0.703480	1.366311	0.550400
315	0.835038	0.699900	1.340822	0.553500
316	0.824805	0.702140	1.349571	0.547400
317	0.807459	0.709600	1.344522	0.558700
318	0.803313	0.713460	1.373059	0.550300
319	0.841758	0.697720	1.368632	0.543300
320	0.833114	0.699320	1.347309	0.552300
321	0.815903	0.706580	1.339018	0.558900
322	0.822023	0.702200	1.368339	0.551600
323	0.819631	0.705780	1.338877	0.562200
324	0.793433	0.712500	1.357469	0.546600
325	0.795335	0.712420	1.364068	0.558700
326	0.811235	0.707140	1.342576	0.553600
327	0.796292	0.712040	1.366029	0.549300
328	0.803844	0.710740	1.375740	0.551100
329	0.810451	0.707900	1.365078	0.549800
330	0.795378	0.713800	1.389752	0.549900
331	0.813069	0.706860	1.359589	0.550100
332	0.805088	0.708760	1.336444	0.559400
333	0.810001	0.708280	1.347191	0.554900
334	0.817859	0.705580	1.376954	0.552200
335	0.804732	0.711660	1.390416	0.547300
336	0.828150	0.699120	1.375648	0.546500
337	0.843221	0.697540	1.359261	0.549700
338	0.829156	0.702940	1.388310	0.545800
339	0.823499	0.702800	1.370396	0.548500
340	0.805262	0.709800	1.367550	0.550100
341	0.820709	0.705880	1.353721	0.551500
342	0.831918	0.700080	1.353583	0.547200
343	0.804109	0.710500	1.353300	0.556300
344	0.781694	0.718500	1.354521	0.556600
345	0.771858	0.721280	1.366460	0.552500
346	0.786072	0.715920	1.357265	0.558500
347	0.771764	0.720020	1.355595	0.553900
348	0.764645	0.724260	1.370838	0.557700
349	0.780447	0.720040	1.362109	0.552300
350	0.777224	0.719440	1.372450	0.553500
351	0.788852	0.717240	1.395267	0.546300
352	0.835890	0.699760	1.378193	0.550300
353	0.834018	0.699980	1.368581	0.554000
354	0.815143	0.705800	1.372273	0.550000
355	0.812749	0.707340	1.375562	0.553500
356	0.795123	0.713740	1.388727	0.547800
357	0.811155	0.709340	1.388981	0.539200
358	0.823636	0.702860	1.406541	0.542100
359	0.849691	0.695920	1.355157	0.551900
360	0.829766	0.701740	1.372471	0.552900
361	0.799287	0.712560	1.366898	0.550400
362	0.795345	0.713240	1.379734	0.550500
363	0.805303	0.709260	1.376698	0.549700
364	0.799652	0.712260	1.363149	0.551800
365	0.789186	0.715020	1.395211	0.548300
366	0.794982	0.714160	1.390658	0.548500
367	0.809954	0.712360	1.367781	0.552400
368	0.812508	0.707280	1.384080	0.549600
369	0.816814	0.706380	1.366689	0.547800
370	0.806867	0.710240	1.390425	0.543800
371	0.810533	0.710460	1.382623	0.545800
372	0.785931	0.717240	1.385277	0.548300
373	0.793377	0.715020	1.362382	0.553900
374	0.803997	0.710320	1.397849	0.544000
375	0.811574	0.707040	1.384752	0.550500
376	0.805910	0.710380	1.373166	0.550400
377	0.784383	0.719020	1.352982	0.556000
378	0.788052	0.715060	1.387780	0.548400
379	0.797677	0.713100	1.373975	0.552000
380	0.800249	0.714040	1.387856	0.548400
381	0.817388	0.706560	1.398238	0.547600
382	0.803830	0.709140	1.405810	0.540000
383	0.835275	0.699380	1.396549	0.534300
384	0.823327	0.705120	1.387098	0.548400
385	0.816681	0.706160	1.379180	0.550900
386	0.806552	0.708500	1.371268	0.552700
387	0.818772	0.707480	1.369192	0.549300
388	0.797999	0.713260	1.377872	0.549900
389	0.795888	0.713920	1.377959	0.550400
390	0.785122	0.716480	1.345935	0.561700
391	0.755028	0.725960	1.378715	0.554600
392	0.771332	0.724380	1.373422	0.555900
393	0.764250	0.723520	1.379224	0.552700
394	0.768565	0.723660	1.395982	0.545800
395	0.788312	0.716920	1.372088	0.548000
396	0.782084	0.717980	1.374532	0.553700
397	0.787362	0.715400	1.379040	0.554600
398	0.793261	0.715700	1.371494	0.552800
399	0.776683	0.721140	1.368694	0.551100
400	0.755078	0.726100	1.372095	0.552000
401	0.758281	0.727200	1.384402	0.546100
402	0.774591	0.720600	1.398004	0.545100
403	0.790905	0.715740	1.411108	0.544100
404	0.777535	0.717040	1.411711	0.544800
405	0.785351	0.716440	1.442940	0.544100
406	0.781948	0.719380	1.385511	0.547600
407	0.768007	0.720680	1.405446	0.547200
408	0.755499	0.728980	1.425449	0.544300
409	0.755019	0.726440	1.395001	0.549100
410	0.762869	0.724380	1.394369	0.554000
411	0.768222	0.723540	1.393669	0.551500
412	0.767633	0.722560	1.385140	0.552000
413	0.758741	0.727020	1.395263	0.550200
414	0.759106	0.726700	1.395794	0.555700
415	0.779116	0.719180	1.407704	0.544900
416	0.764818	0.724980	1.386736	0.551100
417	0.756718	0.727680	1.401612	0.545700
418	0.755168	0.727940	1.413245	0.546900
419	0.782301	0.716740	1.387905	0.555300
420	0.783029	0.719020	1.374391	0.553500
421	0.745608	0.730620	1.367674	0.553300
422	0.744382	0.732000	1.449293	0.541400
423	0.760995	0.724360	1.383762	0.550600
424	0.757246	0.730220	1.407159	0.545700
425	0.739363	0.734740	1.373158	0.553100
426	0.737157	0.735300	1.394381	0.554100
427	0.750886	0.729000	1.387255	0.551200
428	0.775834	0.719740	1.406535	0.542400
429	0.754997	0.727020	1.420407	0.550800
430	0.734092	0.738020	1.387930	0.557100
431	0.725477	0.740720	1.406798	0.550800
432	0.714374	0.745260	1.418518	0.550600
433	0.728028	0.739400	1.401798	0.555000
434	0.731954	0.734620	1.427043	0.548500
435	0.725502	0.740040	1.422572	0.546300
436	0.732353	0.735380	1.425429	0.549900
437	0.735217	0.735860	1.436322	0.543800
438	0.726769	0.740240	1.397321	0.551500
439	0.716073	0.741780	1.408298	0.554200
440	0.733747	0.736900	1.415731	0.552900
441	0.723565	0.738900	1.399717	0.551400
442	0.702648	0.747660	1.402416	0.554600
443	0.704013	0.745460	1.414795	0.554600
444	0.713818	0.742220	1.437507	0.550300
445	0.722340	0.739220	1.404213	0.554800
446	0.704807	0.747220	1.410108	0.552600
447	0.682302	0.754960	1.431919	0.550900
448	0.714720	0.743360	1.401171	0.557900
449	0.702141	0.748420	1.458943	0.542400
450	0.720524	0.739240	1.415775	0.549900
451	0.724474	0.739720	1.424139	0.547900
452	0.727715	0.737140	1.436057	0.543800
453	0.703089	0.745660	1.411580	0.547600
454	0.699209	0.746480	1.413764	0.551500
455	0.704364	0.746880	1.428878	0.551000
456	0.676589	0.756480	1.434486	0.552500
457	0.697372	0.748660	1.429839	0.549100
458	0.737425	0.734060	1.431614	0.543900
459	0.742715	0.734960	1.410605	0.554000
460	0.725688	0.741340	1.523555	0.536400
461	0.720460	0.738980	1.466985	0.545200
462	0.705457	0.746700	1.435370	0.548500
463	0.710563	0.742440	1.426234	0.549300
464	0.703413	0.748640	1.452881	0.544400
465	0.715018	0.741860	1.417352	0.550900
466	0.712099	0.743980	1.469505	0.544000
467	0.751871	0.730360	1.441740	0.553700
468	0.722517	0.740360	1.446126	0.548700
469	0.719636	0.740340	1.475277	0.540100
470	0.740703	0.733840	1.436698	0.550000
471	0.710005	0.742780	1.436196	0.544000
472	0.715132	0.743920	1.440815	0.547800
473	0.736108	0.736520	1.440914	0.550000
474	0.718619	0.742300	1.424576	0.547600
475	0.720726	0.740580	1.461540	0.545100
476	0.717745	0.744680	1.437802	0.547200
477	0.724253	0.739760	1.462223	0.544700
478	0.758693	0.726260	1.444715	0.542900
479	0.740421	0.734140	1.413641	0.550600
480	0.701883	0.746560	1.430932	0.550300
481	0.705676	0.747320	1.441044	0.548500
482	0.709238	0.746480	1.449488	0.550700
483	0.698196	0.749580	1.418077	0.554100
484	0.715320	0.742140	1.445723	0.540400
485	0.744930	0.730980	1.432262	0.548600
486	0.733595	0.736640	1.506838	0.535500
487	0.757720	0.727480	1.441111	0.549900
488	0.740360	0.732660	1.430845	0.546400
489	0.730200	0.737180	1.449807	0.546000
490	0.733372	0.737020	1.462536	0.540100
491	0.714054	0.741680	1.481743	0.540200
492	0.719982	0.739420	1.467902	0.541900
493	0.710976	0.745380	1.470912	0.547600
494	0.708270	0.747280	1.467575	0.551600
495	0.737883	0.736340	1.437073	0.546500
496	0.728131	0.738880	1.441782	0.547900
497	0.708811	0.746400	1.447857	0.542900
498	0.702483	0.748400	1.440740	0.549700
499	0.697346	0.748660	1.443600	0.551000
500	0.704360	0.746800	1.452725	0.551900
501	0.740329	0.733860	1.443273	0.549700
502	0.727490	0.737820	1.408517	0.554600
503	0.701632	0.749340	1.471799	0.547900
504	0.706233	0.745400	1.430775	0.545700
505	0.691095	0.750220	1.429299	0.549400
506	0.686365	0.753560	1.448289	0.553700
507	0.681272	0.755880	1.432337	0.562800
508	0.726753	0.738460	1.449646	0.544500
509	0.759134	0.728220	1.459434	0.539800
510	0.775986	0.721380	1.445972	0.546500
511	0.742626	0.732080	1.436961	0.546700
512	0.739074	0.737600	1.434524	0.549100
513	0.727896	0.737480	1.476202	0.539800
514	0.717483	0.742440	1.455162	0.546300
515	0.707887	0.745180	1.456859	0.550600
516	0.697176	0.749300	1.440849	0.548200
517	0.689025	0.752880	1.451952	0.545900
518	0.696059	0.750440	1.431474	0.550200
519	0.689080	0.752380	1.460519	0.548600
520	0.693205	0.753340	1.435700	0.557300
521	0.676694	0.756760	1.445498	0.549700
522	0.687681	0.751340	1.479290	0.545000
523	0.728012	0.739260	1.491817	0.539600
524	0.729778	0.737080	1.437029	0.551300
525	0.707764	0.744060	1.442672	0.554000
526	0.698162	0.750080	1.447028	0.548000
527	0.672680	0.758780	1.436939	0.561300
528	0.666716	0.760320	1.451008	0.555600
529	0.651439	0.767040	1.444048	0.552500
530	0.663087	0.760940	1.467093	0.550500
531	0.704272	0.748040	1.472643	0.543600
532	0.701029	0.747060	1.483394	0.535300
533	0.699835	0.745820	1.478066	0.545000
534	0.702690	0.748700	1.462363	0.547400
535	0.691123	0.754080	1.480599	0.547200
536	0.682829	0.756220	1.480572	0.540000
537	0.698074	0.746260	1.461593	0.547300
538	0.678079	0.753680	1.481513	0.548100
539	0.677204	0.755700	1.445204	0.549600
540	0.670938	0.760620	1.474945	0.550300
541	0.667096	0.760840	1.437303	0.549400
542	0.669157	0.756760	1.450957	0.549300
543	0.675329	0.755480	1.478752	0.544600
544	0.658317	0.764240	1.482584	0.546200
545	0.674967	0.757640	1.478965	0.546900
546	0.692002	0.752680	1.507972	0.542700
547	0.718535	0.740840	1.467510	0.546000
548	0.706835	0.746960	1.470917	0.546000
549	0.701673	0.748040	1.490139	0.541200
550	0.704345	0.748540	1.459131	0.551000
551	0.680141	0.755940	1.455297	0.548800
552	0.701888	0.748780	1.460085	0.549200
553	0.694911	0.750500	1.485422	0.540100
554	0.668739	0.760420	1.452558	0.551500
555	0.668771	0.762140	1.491540	0.543500
556	0.669358	0.759900	1.489869	0.545500
557	0.664732	0.761580	1.494966	0.546800
558	0.686069	0.754200	1.516824	0.547600
559	0.690337	0.752600	1.441673	0.550100
560	0.662957	0.763680	1.453759	0.555900
561	0.645520	0.767320	1.468212	0.553800
562	0.650327	0.767680	1.551360	0.537200
563	0.664084	0.761360	1.490635	0.548500
564	0.670404	0.759280	1.482396	0.549700
565	0.681629	0.756940	1.477127	0.548500
566	0.666751	0.758980	1.484720	0.549300
567	0.663204	0.763420	1.478129	0.544100
568	0.675614	0.754680	1.463193	0.547200
569	0.651033	0.765360	1.504408	0.537500
570	0.668169	0.760740	1.520699	0.536600
571	0.680595	0.757120	1.485771	0.552300
572	0.691286	0.750800	1.448711	0.547100
573	0.690035	0.752780	1.488189	0.542700
574	0.683322	0.756160	1.481825	0.549500
575	0.704894	0.747200	1.494954	0.545800
576	0.691218	0.753020	1.471732	0.545500
577	0.700149	0.751560	1.497347	0.545200
578	0.686449	0.753420	1.477302	0.555700
579	0.679259	0.757000	1.492700	0.537300
580	0.689795	0.751740	1.491525	0.546700
581	0.694859	0.750080	1.490872	0.543400
582	0.677734	0.754640	1.498681	0.539000
583	0.710194	0.745120	1.459689	0.550400
584	0.693693	0.750060	1.474561	0.540800
585	0.714368	0.743280	1.485595	0.534800
586	0.716608	0.740840	1.464501	0.540000
587	0.726646	0.740400	1.478628	0.542100
588	0.723718	0.742260	1.499098	0.533900
589	0.734735	0.734940	1.490628	0.536700
590	0.736436	0.736960	1.497695	0.535800
591	0.735049	0.736580	1.523050	0.532100
592	0.763155	0.725480	1.440575	0.548300
593	0.719802	0.740920	1.476430	0.545600
594	0.702860	0.748040	1.458705	0.548600
595	0.707551	0.745920	1.468548	0.540000
596	0.696294	0.750680	1.478685	0.541100
597	0.689612	0.752780	1.484165	0.542900
598	0.679667	0.757040	1.504606	0.546500
599	0.701721	0.749520	1.455967	0.552900
600	0.692605	0.752080	1.479559	0.546700
601	0.694313	0.750460	1.476908	0.552400
602	0.673722	0.756700	1.468773	0.545600
603	0.678888	0.757740	1.479342	0.547500
604	0.671611	0.758240	1.482980	0.543200
605	0.682518	0.754960	1.516811	0.541200
606	0.694645	0.751120	1.485040	0.539100
607	0.721379	0.739480	1.484854	0.543400
608	0.715985	0.742880	1.479374	0.535700
609	0.717389	0.740920	1.501489	0.542600
610	0.707481	0.746640	1.505849	0.544900
611	0.713263	0.744160	1.511679	0.540800
612	0.713312	0.744420	1.493249	0.540600
613	0.725476	0.741000	1.505264	0.536700
614	0.726765	0.739120	1.516981	0.536600
615	0.707372	0.746840	1.449696	0.543700
616	0.706389	0.745380	1.452442	0.540200
617	0.702403	0.748880	1.495927	0.541100
618	0.689527	0.752820	1.461896	0.545200
619	0.679794	0.756560	1.486554	0.544900
620	0.675451	0.757840	1.498893	0.547600
621	0.686974	0.755320	1.444325	0.551100
622	0.669666	0.761580	1.489834	0.551300
623	0.692168	0.751080	1.500470	0.540900
624	0.681851	0.754980	1.507086	0.536000
625	0.675108	0.756220	1.477459	0.550000
626	0.673384	0.759300	1.504600	0.544600
627	0.667045	0.760340	1.468776	0.552400
628	0.676560	0.757980	1.496216	0.543100
629	0.680246	0.756000	1.517264	0.540100
630	0.692287	0.753200	1.494312	0.542900
631	0.667776	0.761440	1.483691	0.553100
632	0.672642	0.759980	1.458653	0.547700
633	0.666696	0.761300	1.473163	0.549600
634	0.633215	0.773820	1.497734	0.547600
635	0.652746	0.765880	1.485608	0.548000
636	0.651394	0.764860	1.483178	0.551800
637	0.634252	0.771720	1.497287	0.550300
638	0.642748	0.770220	1.475442	0.553200
639	0.637990	0.771460	1.526577	0.547000
640	0.667877	0.760800	1.538016	0.536900
641	0.684053	0.753640	1.513099	0.540200
642	0.669152	0.762780	1.496356	0.542000
643	0.674817	0.758400	1.511454	0.547600
644	0.678849	0.756260	1.489399	0.543200
645	0.678276	0.757520	1.525958	0.545200
646	0.703954	0.750240	1.484924	0.540700
647	0.687024	0.753160	1.495566	0.544300
648	0.662701	0.760680	1.488830	0.549800
649	0.675446	0.759380	1.480879	0.543900
650	0.692761	0.751640	1.519692	0.540000
651	0.696198	0.749240	1.497346	0.542400
652	0.689276	0.751420	1.505025	0.535300
653	0.680872	0.755180	1.508400	0.537400
654	0.681410	0.758720	1.493470	0.546900
655	0.686260	0.756640	1.518030	0.537300
656	0.687785	0.753000	1.466502	0.551000
657	0.692328	0.751860	1.471181	0.552300
658	0.656651	0.765940	1.489926	0.549200
659	0.665981	0.760720	1.475030	0.557100
660	0.665321	0.762380	1.506342	0.540100
661	0.684573	0.756920	1.507541	0.540700
662	0.704075	0.748840	1.474549	0.547800
663	0.684434	0.755840	1.525044	0.534800
664	0.688838	0.753360	1.487866	0.543900
665	0.704435	0.746840	1.527502	0.541700
666	0.711741	0.745720	1.450600	0.546100
667	0.675708	0.760840	1.463032	0.548000
668	0.667904	0.762460	1.504218	0.539600
669	0.688122	0.753660	1.513869	0.544300
670	0.686287	0.755340	1.498957	0.536800
671	0.698649	0.748660	1.506393	0.540400
672	0.679233	0.757400	1.462466	0.546300
673	0.666540	0.761680	1.488027	0.552000
674	0.676692	0.756660	1.505640	0.538600
675	0.662423	0.763040	1.476207	0.548900
676	0.659621	0.764060	1.493139	0.545800
677	0.662951	0.763020	1.469157	0.547200
678	0.679112	0.756940	1.529965	0.538600
679	0.648703	0.768220	1.484682	0.548800
680	0.642716	0.769940	1.499317	0.546900
681	0.639492	0.772640	1.519330	0.536900
682	0.678141	0.756000	1.510235	0.537000
683	0.653704	0.767680	1.511689	0.549000
684	0.650470	0.766960	1.503905	0.549200
685	0.645549	0.767660	1.518186	0.550300
686	0.651186	0.765540	1.506610	0.549300
687	0.638772	0.771040	1.515453	0.547500
688	0.653072	0.767340	1.500882	0.549400
689	0.643114	0.770940	1.556157	0.541300
690	0.628332	0.776300	1.497601	0.549900
691	0.637164	0.773060	1.502262	0.553000
692	0.621707	0.778380	1.488238	0.549100
693	0.626440	0.776080	1.499458	0.548200
694	0.623913	0.775420	1.494566	0.542600
695	0.654125	0.766500	1.497582	0.550600
696	0.647015	0.769500	1.495337	0.548900
697	0.650877	0.768840	1.500707	0.548200
698	0.682600	0.757640	1.496875	0.541900
699	0.671308	0.760820	1.511411	0.541200
700	0.662935	0.763220	1.491954	0.546500
701	0.657347	0.764780	1.484566	0.549900
702	0.648278	0.767900	1.508272	0.548700
703	0.634493	0.772620	1.490494	0.550300
704	0.630029	0.773620	1.515942	0.546800
705	0.659903	0.763320	1.473036	0.546700
706	0.658051	0.764860	1.525962	0.541600
707	0.654323	0.763180	1.515378	0.545900
708	0.640951	0.769620	1.548832	0.547700
709	0.653024	0.764160	1.522821	0.546800
710	0.652700	0.764380	1.502168	0.545400
711	0.631154	0.775180	1.504668	0.547200
712	0.615523	0.778380	1.500949	0.548000
713	0.612436	0.781300	1.495230	0.557000
714	0.631569	0.772900	1.517854	0.552300
715	0.618394	0.778860	1.489292	0.553100
716	0.608971	0.782640	1.510745	0.550900
717	0.601854	0.786460	1.514053	0.547600
718	0.628828	0.775560	1.522141	0.548800
719	0.622928	0.775440	1.489048	0.554000
720	0.609703	0.783580	1.503792	0.554100
721	0.614369	0.780180	1.513845	0.554300
722	0.607174	0.783240	1.489181	0.551700
723	0.594862	0.787620	1.494897	0.553500
724	0.601437	0.785940	1.502358	0.553300
725	0.616648	0.779740	1.488809	0.547700
726	0.627232	0.775540	1.490170	0.552500
727	0.618100	0.779780	1.512327	0.549500
728	0.628201	0.774000	1.500886	0.555100
729	0.631023	0.775000	1.521072	0.547700
730	0.622482	0.777800	1.519081	0.545200
731	0.617078	0.778760	1.507243	0.558200
732	0.627071	0.778940	1.466326	0.559300
733	0.632332	0.772360	1.499781	0.554900
734	0.597575	0.786180	1.511840	0.554100
735	0.583628	0.792040	1.543876	0.551700
736	0.589802	0.790160	1.508669	0.552500
737	0.595810	0.786920	1.514979	0.546900
738	0.598590	0.787180	1.491024	0.550800
739	0.592101	0.788040	1.516591	0.547600
740	0.597321	0.788080	1.566990	0.548800
741	0.611179	0.780780	1.547127	0.543600
742	0.621454	0.776640	1.533577	0.542800
743	0.635282	0.773860	1.540847	0.545800
744	0.632588	0.774000	1.537511	0.542800
745	0.638199	0.772140	1.518030	0.547900
746	0.639516	0.772040	1.524913	0.544400
747	0.634025	0.772520	1.482229	0.549300
748	0.626975	0.776140	1.501141	0.545000
749	0.621263	0.777360	1.576276	0.541400
750	0.615484	0.779680	1.524794	0.549100
751	0.630058	0.773100	1.524338	0.545300
752	0.639302	0.771340	1.501476	0.547400
753	0.624239	0.775540	1.535131	0.546800
754	0.620272	0.777740	1.503825	0.553000
755	0.605882	0.785120	1.537872	0.549900
756	0.621383	0.778980	1.546117	0.547200
757	0.631993	0.775800	1.474520	0.553700
758	0.596225	0.787140	1.511695	0.558500
759	0.589121	0.789500	1.513185	0.546500
760	0.600587	0.784240	1.571579	0.544700
761	0.616789	0.780180	1.545302	0.542900
762	0.631600	0.771400	1.545286	0.545400
763	0.645879	0.769280	1.532761	0.545700
764	0.615921	0.778960	1.503623	0.550800
765	0.614817	0.779480	1.520193	0.545000
766	0.622747	0.776720	1.502626	0.544800
767	0.596970	0.785720	1.498595	0.554200
768	0.571989	0.795700	1.489161	0.561600
769	0.566897	0.797300	1.498114	0.557400
770	0.589992	0.787740	1.550001	0.549300
771	0.603713	0.783340	1.527737	0.549800
772	0.608020	0.783920	1.554654	0.548300
773	0.625663	0.775740	1.532906	0.544700
774	0.635664	0.772380	1.504215	0.547300
775	0.627624	0.779220	1.524907	0.546700
776	0.637533	0.772940	1.505825	0.551900
777	0.636219	0.774160	1.495754	0.550400
778	0.638068	0.771960	1.553942	0.541800
779	0.633226	0.773720	1.498684	0.545800
780	0.602473	0.786080	1.506310	0.551500
781	0.609948	0.781300	1.491060	0.554100
782	0.629477	0.776220	1.510645	0.547700
783	0.625111	0.777340	1.528431	0.543300
784	0.626836	0.776960	1.520639	0.554400
785	0.621741	0.777280	1.535996	0.539900
786	0.624604	0.775040	1.526805	0.545800
787	0.614299	0.779260	1.519028	0.547300
788	0.596924	0.787240	1.552284	0.544400
789	0.608562	0.782560	1.532732	0.551700
790	0.620595	0.778080	1.522719	0.549500
791	0.608989	0.783740	1.499492	0.552500
792	0.590772	0.790620	1.510442	0.548500
793	0.607004	0.782780	1.517516	0.554000
794	0.609648	0.782080	1.525317	0.551500
795	0.608851	0.783660	1.506694	0.557800
796	0.605531	0.783560	1.529439	0.553600
797	0.626130	0.776180	1.522273	0.548200
798	0.618074	0.778520	1.501321	0.553100
799	0.623534	0.777520	1.483252	0.553900
800	0.595712	0.787640	1.490265	0.554900
801	0.608451	0.782880	1.501216	0.553900
802	0.596226	0.787460	1.556640	0.543000
803	0.621714	0.776900	1.524440	0.548000
804	0.627118	0.776100	1.518133	0.548700
805	0.607434	0.784300	1.534288	0.552700
806	0.597201	0.787500	1.501672	0.558500
807	0.578554	0.794020	1.516435	0.548200
808	0.608293	0.783120	1.525333	0.547200
809	0.601146	0.785320	1.513455	0.551800
810	0.628867	0.775180	1.517210	0.541700
811	0.590925	0.789700	1.517036	0.554400
812	0.572887	0.795680	1.537205	0.545700
813	0.622468	0.774680	1.516202	0.547900
814	0.599826	0.784980	1.529984	0.550800
815	0.602673	0.785080	1.537222	0.543700
816	0.599678	0.784740	1.492068	0.557800
817	0.590319	0.785840	1.554230	0.547900
818	0.617466	0.779040	1.542997	0.544500
819	0.623012	0.777400	1.532206	0.546500
820	0.616029	0.780500	1.512922	0.548900
821	0.617284	0.780740	1.542357	0.545900
822	0.620097	0.777880	1.521516	0.545100
823	0.623011	0.778400	1.525433	0.541400
824	0.619376	0.776660	1.529232	0.548700
825	0.621025	0.777020	1.555083	0.543200
826	0.617545	0.777460	1.538331	0.542200
827	0.604897	0.783260	1.530397	0.548000
828	0.615362	0.781360	1.530276	0.545800
829	0.609775	0.782600	1.523940	0.547100
830	0.599103	0.786840	1.564015	0.544300
831	0.595263	0.787600	1.563313	0.550300
832	0.611529	0.781200	1.521764	0.550900
833	0.609206	0.782000	1.526381	0.542400
834	0.604776	0.783800	1.526648	0.547500
835	0.610630	0.781140	1.524761	0.547700
836	0.606425	0.783340	1.516087	0.552900
837	0.616694	0.781160	1.514333	0.546500
838	0.603189	0.784440	1.530757	0.547300
839	0.609072	0.783460	1.515635	0.550400
840	0.600707	0.783640	1.507178	0.550100
841	0.584940	0.792140	1.557219	0.551900
842	0.595486	0.787020	1.571717	0.540200
843	0.617893	0.778960	1.561851	0.544900
844	0.604392	0.785780	1.543038	0.547700
845	0.606153	0.780440	1.563311	0.550400
846	0.606945	0.785080	1.542208	0.547200
847	0.626973	0.776620	1.571882	0.540100
848	0.634179	0.774080	1.546225	0.546800
849	0.617347	0.778360	1.535662	0.545600
850	0.599649	0.784480	1.518005	0.555100
851	0.620195	0.778620	1.541658	0.546400
852	0.629822	0.775680	1.493867	0.549600
853	0.594843	0.788600	1.510792	0.552400
854	0.587116	0.789100	1.530686	0.549100
855	0.588582	0.789080	1.530066	0.553200
856	0.597594	0.785980	1.540549	0.551600
857	0.579328	0.791700	1.517462	0.550200
858	0.573204	0.794460	1.545646	0.551200
859	0.593655	0.789420	1.555660	0.546200
860	0.571402	0.796080	1.538208	0.549200
861	0.588193	0.790520	1.581580	0.547100
862	0.605500	0.782440	1.556876	0.543500
863	0.600170	0.786000	1.534018	0.552600
864	0.605195	0.782960	1.539331	0.540700
865	0.616119	0.780900	1.522427	0.547700
866	0.620442	0.778060	1.518313	0.549900
867	0.610891	0.780360	1.561107	0.547100
868	0.619714	0.777720	1.538168	0.538900
869	0.619540	0.778580	1.532728	0.555800
870	0.593779	0.787160	1.526045	0.551000
871	0.573425	0.795260	1.524478	0.551700
872	0.607651	0.782160	1.544386	0.547600
873	0.630905	0.771520	1.557924	0.540800
874	0.635103	0.772360	1.526356	0.543800
875	0.631006	0.773320	1.542066	0.540900
876	0.645882	0.769860	1.532772	0.546800
877	0.630820	0.776060	1.515157	0.549200
878	0.597031	0.787540	1.523014	0.551900
879	0.588558	0.788640	1.515899	0.556500
880	0.577955	0.794560	1.569848	0.544100
881	0.589160	0.789860	1.493297	0.551900
882	0.590076	0.788640	1.497471	0.550800
883	0.586715	0.789160	1.536256	0.545500
884	0.605510	0.783880	1.522974	0.546200
885	0.605880	0.783180	1.512562	0.543700
886	0.634533	0.773560	1.546895	0.540900
887	0.622784	0.776920	1.519576	0.551100
888	0.609056	0.781520	1.530841	0.543200
889	0.625134	0.778580	1.518096	0.550400
890	0.592344	0.787100	1.526624	0.558000
891	0.580768	0.792520	1.548676	0.553000
892	0.601711	0.785480	1.523187	0.553700
893	0.583395	0.791900	1.522493	0.552800
894	0.577824	0.793960	1.525900	0.554900
895	0.583839	0.790880	1.526154	0.554400
896	0.594216	0.787560	1.532156	0.552600
897	0.602470	0.784900	1.557272	0.539000
898	0.619649	0.778700	1.553996	0.541900
899	0.648141	0.768600	1.527862	0.545300
900	0.610990	0.782420	1.556970	0.542600
901	0.631387	0.773120	1.519188	0.548100
902	0.635912	0.772740	1.491520	0.545000
903	0.627334	0.774580	1.533541	0.546200
904	0.632470	0.773480	1.502310	0.543200
905	0.637057	0.774800	1.531642	0.551900
906	0.619348	0.778820	1.545959	0.543800
907	0.641716	0.771740	1.543116	0.548700
908	0.630248	0.775140	1.562941	0.539000
909	0.636683	0.772800	1.516689	0.549600
910	0.636511	0.772020	1.531261	0.549000
911	0.636296	0.772820	1.538917	0.545500
912	0.635560	0.774040	1.501234	0.548100
913	0.606878	0.781240	1.511075	0.550400
914	0.626408	0.777340	1.539975	0.546500
915	0.610399	0.783880	1.522020	0.550000
916	0.606896	0.782580	1.587862	0.537500
917	0.659238	0.764120	1.506925	0.545900
918	0.639000	0.770680	1.515843	0.548600
919	0.621974	0.777980	1.548722	0.544300
920	0.610854	0.780320	1.521366	0.548900
921	0.602217	0.786460	1.527985	0.550500
922	0.591020	0.790740	1.552545	0.541000
923	0.580598	0.794080	1.547952	0.554800
924	0.596148	0.787800	1.522318	0.553600
925	0.614282	0.780340	1.594023	0.539300
926	0.696643	0.752600	1.529977	0.537700
927	0.687953	0.754080	1.532534	0.537800
928	0.669246	0.762260	1.529554	0.543100
929	0.659388	0.765780	1.503921	0.544800
930	0.650960	0.767820	1.523612	0.541100
931	0.637434	0.773120	1.530955	0.545300
932	0.634174	0.772020	1.581667	0.532300
933	0.663487	0.762440	1.492672	0.547200
934	0.642873	0.769080	1.529812	0.543300
935	0.650175	0.766560	1.517879	0.547300
936	0.608244	0.781160	1.516075	0.550100
937	0.611251	0.783440	1.526673	0.548900
938	0.602999	0.783320	1.512342	0.547300
939	0.610866	0.782280	1.545333	0.551000
940	0.613648	0.779220	1.516696	0.551600
941	0.607904	0.782600	1.526276	0.544800
942	0.625355	0.775740	1.510349	0.552900
943	0.629454	0.775020	1.541307	0.539000
944	0.618780	0.779220	1.516515	0.547800
945	0.606052	0.784000	1.494961	0.555200
946	0.598382	0.784380	1.542504	0.548700
947	0.634696	0.771980	1.525541	0.547200
948	0.630146	0.776500	1.520263	0.551300
949	0.607937	0.780700	1.535190	0.544200
950	0.605123	0.784740	1.517589	0.556600
951	0.599863	0.786640	1.566930	0.546000
952	0.615504	0.780200	1.517403	0.547100
953	0.627194	0.774780	1.544914	0.542700
954	0.620077	0.779240	1.530773	0.541300
955	0.610152	0.781240	1.556747	0.547700
956	0.618082	0.777120	1.507703	0.547000
957	0.628728	0.776660	1.503169	0.548200
958	0.628804	0.776180	1.542235	0.545200
959	0.683461	0.758940	1.531120	0.539400
960	0.655073	0.766860	1.516369	0.540200
961	0.646431	0.769040	1.504834	0.547000
962	0.645433	0.768720	1.526987	0.547700
963	0.639545	0.771200	1.519666	0.548800
964	0.612675	0.781140	1.535248	0.548800
965	0.604320	0.784500	1.532882	0.545900
966	0.610458	0.781020	1.536392	0.547800
967	0.615873	0.778900	1.527335	0.543600
968	0.636356	0.774220	1.535181	0.542100
969	0.606216	0.781340	1.527860	0.551000
970	0.595528	0.789160	1.534706	0.549300
971	0.588521	0.790900	1.588328	0.544100
972	0.635798	0.773000	1.546780	0.541000
973	0.636212	0.774000	1.556274	0.536300
974	0.634450	0.774660	1.528909	0.543300
975	0.628466	0.774340	1.548682	0.541200
976	0.636426	0.772460	1.541171	0.536500
977	0.634059	0.772500	1.506885	0.551300
978	0.631220	0.774640	1.547659	0.544500
979	0.649306	0.767940	1.500496	0.548100
980	0.607475	0.783500	1.511727	0.553000
981	0.614478	0.778100	1.511646	0.550300
982	0.597498	0.786420	1.538587	0.544500
983	0.623929	0.776780	1.506243	0.550400
984	0.594854	0.787860	1.525685	0.548600
985	0.605584	0.781960	1.529328	0.550000
986	0.618198	0.777560	1.525254	0.541000
987	0.630793	0.774100	1.522489	0.550800
988	0.617084	0.780760	1.518759	0.550200
989	0.609492	0.782620	1.524721	0.543500
990	0.644702	0.769980	1.521659	0.547800
991	0.618194	0.777660	1.535827	0.546000
992	0.592264	0.788260	1.536170	0.548400
993	0.611901	0.780920	1.534243	0.546200
994	0.625064	0.777340	1.530373	0.544300
995	0.610718	0.781420	1.538066	0.550800
996	0.606983	0.782920	1.540993	0.547500
997	0.596853	0.787980	1.548905	0.547500
998	0.610415	0.782280	1.532764	0.547500
999	0.598778	0.786940	1.524943	0.550400
