epoch	loss	acc	val_loss	val_acc
0	8.638357	0.098480	8.829590	0.100200
1	9.086542	0.099900	9.657987	0.099400
2	9.637976	0.100020	9.609625	0.099800
3	9.607027	0.100100	9.609625	0.099800
4	9.607027	0.100100	9.609625	0.099800
5	9.607027	0.100100	9.609625	0.099800
6	9.607027	0.100100	9.609625	0.099800
7	9.607027	0.100100	9.609625	0.099800
8	9.607027	0.100100	9.609625	0.099800
9	9.607027	0.100100	9.609625	0.099800
10	9.607027	0.100100	9.609625	0.099800
11	9.607027	0.100100	9.609625	0.099800
12	9.607027	0.100100	9.609625	0.099800
13	9.607027	0.100100	9.609625	0.099800
14	9.607027	0.100100	9.609625	0.099800
15	9.607027	0.100100	9.609625	0.099800
16	9.607027	0.100100	9.609625	0.099800
17	9.607027	0.100100	9.609625	0.099800
18	9.607027	0.100100	9.609625	0.099800
19	9.607027	0.100100	9.609625	0.099800
20	9.607027	0.100100	9.609625	0.099800
21	9.607027	0.100100	9.609625	0.099800
22	9.607027	0.100100	9.609625	0.099800
23	9.607027	0.100100	9.609625	0.099800
24	9.607027	0.100100	9.609625	0.099800
25	9.607027	0.100100	9.609625	0.099800
26	9.607027	0.100100	9.609625	0.099800
27	9.607027	0.100100	9.609625	0.099800
28	9.607027	0.100100	9.609625	0.099800
29	9.607027	0.100100	9.609625	0.099800
30	9.607027	0.100100	9.609625	0.099800
31	9.607027	0.100100	9.609625	0.099800
32	9.607027	0.100100	9.609625	0.099800
33	9.607028	0.100100	9.609625	0.099800
34	9.607027	0.100100	9.609625	0.099800
35	9.607027	0.100100	9.609625	0.099800
36	9.607028	0.100100	9.609625	0.099800
37	9.607027	0.100100	9.609625	0.099800
38	9.607027	0.100100	9.609625	0.099800
39	9.607027	0.100100	9.609625	0.099800
40	9.607027	0.100100	9.609625	0.099800
41	9.607028	0.100100	9.609625	0.099800
42	9.607027	0.100100	9.609625	0.099800
43	9.607027	0.100100	9.609625	0.099800
44	9.607027	0.100100	9.609625	0.099800
45	9.607027	0.100100	9.609625	0.099800
46	9.607027	0.100100	9.609625	0.099800
47	9.607027	0.100100	9.609625	0.099800
48	9.607027	0.100100	9.609625	0.099800
49	9.607027	0.100100	9.609625	0.099800
50	9.607027	0.100100	9.609625	0.099800
51	9.607027	0.100100	9.609625	0.099800
52	9.607027	0.100100	9.609625	0.099800
53	9.607027	0.100100	9.609625	0.099800
54	9.607027	0.100100	9.609625	0.099800
55	9.607027	0.100100	9.609625	0.099800
56	9.607027	0.100100	9.609625	0.099800
57	9.607027	0.100100	9.609625	0.099800
58	9.607027	0.100100	9.609625	0.099800
59	9.607027	0.100100	9.609625	0.099800
60	9.607027	0.100100	9.609625	0.099800
61	9.607027	0.100100	9.609625	0.099800
62	9.607027	0.100100	9.609625	0.099800
63	9.607027	0.100100	9.609625	0.099800
64	9.607027	0.100100	9.609625	0.099800
65	9.607027	0.100100	9.609625	0.099800
66	9.607027	0.100100	9.609625	0.099800
67	9.607028	0.100100	9.609625	0.099800
68	9.607027	0.100100	9.609625	0.099800
69	9.607027	0.100100	9.609625	0.099800
70	9.607027	0.100100	9.609625	0.099800
71	9.607027	0.100100	9.609625	0.099800
72	9.607027	0.100100	9.609625	0.099800
73	9.607027	0.100100	9.609625	0.099800
74	9.607027	0.100100	9.609625	0.099800
75	9.607027	0.100100	9.609625	0.099800
76	9.607027	0.100100	9.609625	0.099800
77	9.607027	0.100100	9.609625	0.099800
78	9.607027	0.100100	9.609625	0.099800
79	9.607028	0.100100	9.609625	0.099800
80	9.607027	0.100100	9.609625	0.099800
81	9.607027	0.100100	9.609625	0.099800
82	9.607027	0.100100	9.609625	0.099800
83	9.607027	0.100100	9.609625	0.099800
84	9.607027	0.100100	9.609625	0.099800
85	9.607027	0.100100	9.609625	0.099800
86	9.607027	0.100100	9.609625	0.099800
87	9.607027	0.100100	9.609625	0.099800
88	9.607027	0.100100	9.609625	0.099800
89	9.607027	0.100100	9.609625	0.099800
90	9.607027	0.100100	9.609625	0.099800
91	9.607027	0.100100	9.609625	0.099800
92	9.607027	0.100100	9.609625	0.099800
93	9.607027	0.100100	9.609625	0.099800
94	9.607027	0.100100	9.609625	0.099800
95	9.607027	0.100100	9.609625	0.099800
96	9.607027	0.100100	9.609625	0.099800
97	9.607027	0.100100	9.609625	0.099800
98	9.607027	0.100100	9.609625	0.099800
99	9.607027	0.100100	9.609625	0.099800
100	9.607027	0.100100	9.609625	0.099800
101	9.607027	0.100100	9.609625	0.099800
102	9.607027	0.100100	9.609625	0.099800
103	9.607027	0.100100	9.609625	0.099800
104	9.607027	0.100100	9.609625	0.099800
105	9.607027	0.100100	9.609625	0.099800
106	9.607027	0.100100	9.609625	0.099800
107	9.607027	0.100100	9.609625	0.099800
108	9.607027	0.100100	9.609625	0.099800
109	9.607027	0.100100	9.609625	0.099800
110	9.607027	0.100100	9.609625	0.099800
111	9.607027	0.100100	9.609625	0.099800
112	9.607027	0.100100	9.609625	0.099800
113	9.607027	0.100100	9.609625	0.099800
114	9.607027	0.100100	9.609625	0.099800
115	9.607027	0.100100	9.609625	0.099800
116	9.607027	0.100100	9.609625	0.099800
117	9.607027	0.100100	9.609625	0.099800
118	9.607027	0.100100	9.609625	0.099800
119	9.607027	0.100100	9.609625	0.099800
120	9.607027	0.100100	9.609625	0.099800
121	9.607027	0.100100	9.609625	0.099800
122	9.607027	0.100100	9.609625	0.099800
123	9.607027	0.100100	9.609625	0.099800
124	9.607027	0.100100	9.609625	0.099800
125	9.607027	0.100100	9.609625	0.099800
126	9.607027	0.100100	9.609625	0.099800
127	9.607027	0.100100	9.609625	0.099800
128	9.607027	0.100100	9.609625	0.099800
129	9.607027	0.100100	9.609625	0.099800
130	9.607027	0.100100	9.609625	0.099800
131	9.607027	0.100100	9.609625	0.099800
132	9.607027	0.100100	9.609625	0.099800
133	9.607027	0.100100	9.609625	0.099800
134	9.607027	0.100100	9.609625	0.099800
135	9.607027	0.100100	9.609625	0.099800
136	9.607027	0.100100	9.609625	0.099800
137	9.607027	0.100100	9.609625	0.099800
138	9.607027	0.100100	9.609625	0.099800
139	9.607027	0.100100	9.609625	0.099800
140	9.607027	0.100100	9.609625	0.099800
141	9.607027	0.100100	9.609625	0.099800
142	9.607027	0.100100	9.609625	0.099800
143	9.607027	0.100100	9.609625	0.099800
144	9.607027	0.100100	9.609625	0.099800
145	9.607027	0.100100	9.609625	0.099800
146	9.607027	0.100100	9.609625	0.099800
147	9.607027	0.100100	9.609625	0.099800
148	9.607027	0.100100	9.609625	0.099800
149	9.607027	0.100100	9.609625	0.099800
150	9.607027	0.100100	9.609625	0.099800
151	9.607027	0.100100	9.609625	0.099800
152	9.607027	0.100100	9.609625	0.099800
153	9.607027	0.100100	9.609625	0.099800
154	9.607027	0.100100	9.609625	0.099800
155	9.607027	0.100100	9.609625	0.099800
156	9.607027	0.100100	9.609625	0.099800
157	9.607027	0.100100	9.609625	0.099800
158	9.607027	0.100100	9.609625	0.099800
159	9.607027	0.100100	9.609625	0.099800
160	9.607027	0.100100	9.609625	0.099800
161	9.607027	0.100100	9.609625	0.099800
162	9.607027	0.100100	9.609625	0.099800
163	9.607027	0.100100	9.609625	0.099800
164	9.607027	0.100100	9.609625	0.099800
165	9.607027	0.100100	9.609625	0.099800
166	9.607027	0.100100	9.609625	0.099800
167	9.607027	0.100100	9.609625	0.099800
168	9.607027	0.100100	9.609625	0.099800
169	9.607027	0.100100	9.609625	0.099800
170	9.607027	0.100100	9.609625	0.099800
171	9.607027	0.100100	9.609625	0.099800
172	9.607027	0.100100	9.609625	0.099800
173	9.607027	0.100100	9.609625	0.099800
174	9.607027	0.100100	9.609625	0.099800
175	9.607027	0.100100	9.609625	0.099800
176	9.607027	0.100100	9.609625	0.099800
177	9.607027	0.100100	9.609625	0.099800
178	9.607027	0.100100	9.609625	0.099800
179	9.607027	0.100100	9.609625	0.099800
180	9.607027	0.100100	9.609625	0.099800
181	9.607027	0.100100	9.609625	0.099800
182	9.607027	0.100100	9.609625	0.099800
183	9.607027	0.100100	9.609625	0.099800
184	9.607027	0.100100	9.609625	0.099800
185	9.607027	0.100100	9.609625	0.099800
186	9.607027	0.100100	9.609625	0.099800
187	9.607027	0.100100	9.609625	0.099800
188	9.607027	0.100100	9.609625	0.099800
189	9.607027	0.100100	9.609625	0.099800
190	9.607027	0.100100	9.609625	0.099800
191	9.607027	0.100100	9.609625	0.099800
192	9.607027	0.100100	9.609625	0.099800
193	9.607027	0.100100	9.609625	0.099800
194	9.607027	0.100100	9.609625	0.099800
195	9.607027	0.100100	9.609625	0.099800
196	9.607027	0.100100	9.609625	0.099800
197	9.607028	0.100100	9.609625	0.099800
198	9.607027	0.100100	9.609625	0.099800
199	9.607027	0.100100	9.609625	0.099800
200	9.607027	0.100100	9.609625	0.099800
201	9.607027	0.100100	9.609625	0.099800
202	9.607027	0.100100	9.609625	0.099800
203	9.607027	0.100100	9.609625	0.099800
204	9.607027	0.100100	9.609625	0.099800
205	9.607027	0.100100	9.609625	0.099800
206	9.607027	0.100100	9.609625	0.099800
207	9.607027	0.100100	9.609625	0.099800
208	9.607027	0.100100	9.609625	0.099800
209	9.607027	0.100100	9.609625	0.099800
210	9.607027	0.100100	9.609625	0.099800
211	9.607027	0.100100	9.609625	0.099800
212	9.607027	0.100100	9.609625	0.099800
213	9.607027	0.100100	9.609625	0.099800
214	9.607027	0.100100	9.609625	0.099800
215	9.607027	0.100100	9.609625	0.099800
216	9.607027	0.100100	9.609625	0.099800
217	9.607027	0.100100	9.609625	0.099800
218	9.607027	0.100100	9.609625	0.099800
219	9.607027	0.100100	9.609625	0.099800
220	9.607027	0.100100	9.609625	0.099800
221	9.607027	0.100100	9.609625	0.099800
222	9.607027	0.100100	9.609625	0.099800
223	9.607027	0.100100	9.609625	0.099800
224	9.607027	0.100100	9.609625	0.099800
225	9.607027	0.100100	9.609625	0.099800
226	9.607027	0.100100	9.609625	0.099800
227	9.607027	0.100100	9.609625	0.099800
228	9.607027	0.100100	9.609625	0.099800
229	9.607027	0.100100	9.609625	0.099800
230	9.607027	0.100100	9.609625	0.099800
231	9.607027	0.100100	9.609625	0.099800
232	9.607027	0.100100	9.609625	0.099800
233	9.607027	0.100100	9.609625	0.099800
234	9.607027	0.100100	9.609625	0.099800
235	9.607027	0.100100	9.609625	0.099800
236	9.607027	0.100100	9.609625	0.099800
237	9.607027	0.100100	9.609625	0.099800
238	9.607027	0.100100	9.609625	0.099800
239	9.607027	0.100100	9.609625	0.099800
240	9.607027	0.100100	9.609625	0.099800
241	9.607027	0.100100	9.609625	0.099800
242	9.607027	0.100100	9.609625	0.099800
243	9.607027	0.100100	9.609625	0.099800
244	9.607028	0.100100	9.609625	0.099800
245	9.607027	0.100100	9.609625	0.099800
246	9.607027	0.100100	9.609625	0.099800
247	9.607027	0.100100	9.609625	0.099800
248	9.607027	0.100100	9.609625	0.099800
249	9.607027	0.100100	9.609625	0.099800
250	9.607027	0.100100	9.609625	0.099800
251	9.607027	0.100100	9.609625	0.099800
252	9.607027	0.100100	9.609625	0.099800
253	9.607027	0.100100	9.609625	0.099800
254	9.607027	0.100100	9.609625	0.099800
255	9.607027	0.100100	9.609625	0.099800
256	9.607027	0.100100	9.609625	0.099800
257	9.607027	0.100100	9.609625	0.099800
258	9.607027	0.100100	9.609625	0.099800
259	9.607027	0.100100	9.609625	0.099800
260	9.607027	0.100100	9.609625	0.099800
261	9.607027	0.100100	9.609625	0.099800
262	9.607027	0.100100	9.609625	0.099800
263	9.607027	0.100100	9.609625	0.099800
264	9.607027	0.100100	9.609625	0.099800
265	9.607027	0.100100	9.609625	0.099800
266	9.607027	0.100100	9.609625	0.099800
267	9.607027	0.100100	9.609625	0.099800
268	9.607027	0.100100	9.609625	0.099800
269	9.607027	0.100100	9.609625	0.099800
270	9.607027	0.100100	9.609625	0.099800
271	9.607027	0.100100	9.609625	0.099800
272	9.607027	0.100100	9.609625	0.099800
273	9.607027	0.100100	9.609625	0.099800
274	9.607027	0.100100	9.609625	0.099800
275	9.607027	0.100100	9.609625	0.099800
276	9.607027	0.100100	9.609625	0.099800
277	9.607027	0.100100	9.609625	0.099800
278	9.607028	0.100100	9.609625	0.099800
279	9.607027	0.100100	9.609625	0.099800
280	9.607027	0.100100	9.609625	0.099800
281	9.607027	0.100100	9.609625	0.099800
282	9.607027	0.100100	9.609625	0.099800
283	9.607027	0.100100	9.609625	0.099800
284	9.607027	0.100100	9.609625	0.099800
285	9.607028	0.100100	9.609625	0.099800
286	9.607027	0.100100	9.609625	0.099800
287	9.607027	0.100100	9.609625	0.099800
288	9.607027	0.100100	9.609625	0.099800
289	9.607027	0.100100	9.609625	0.099800
290	9.607027	0.100100	9.609625	0.099800
291	9.607027	0.100100	9.609625	0.099800
292	9.607027	0.100100	9.609625	0.099800
293	9.607027	0.100100	9.609625	0.099800
294	9.607027	0.100100	9.609625	0.099800
295	9.607027	0.100100	9.609625	0.099800
296	9.607027	0.100100	9.609625	0.099800
297	9.607027	0.100100	9.609625	0.099800
298	9.607027	0.100100	9.609625	0.099800
299	9.607027	0.100100	9.609625	0.099800
300	9.607027	0.100100	9.609625	0.099800
301	9.607027	0.100100	9.609625	0.099800
302	9.607027	0.100100	9.609625	0.099800
303	9.607027	0.100100	9.609625	0.099800
304	9.607027	0.100100	9.609625	0.099800
305	9.607027	0.100100	9.609625	0.099800
306	9.607027	0.100100	9.609625	0.099800
307	9.607027	0.100100	9.609625	0.099800
308	9.607027	0.100100	9.609625	0.099800
309	9.607027	0.100100	9.609625	0.099800
310	9.607027	0.100100	9.609625	0.099800
311	9.607027	0.100100	9.609625	0.099800
312	9.607028	0.100100	9.609625	0.099800
313	9.607027	0.100100	9.609625	0.099800
314	9.607027	0.100100	9.609625	0.099800
315	9.607027	0.100100	9.609625	0.099800
316	9.607027	0.100100	9.609625	0.099800
317	9.607027	0.100100	9.609625	0.099800
318	9.607027	0.100100	9.609625	0.099800
319	9.607027	0.100100	9.609625	0.099800
320	9.607027	0.100100	9.609625	0.099800
321	9.607027	0.100100	9.609625	0.099800
322	9.607027	0.100100	9.609625	0.099800
323	9.607027	0.100100	9.609625	0.099800
324	9.607027	0.100100	9.609625	0.099800
325	9.607027	0.100100	9.609625	0.099800
326	9.607027	0.100100	9.609625	0.099800
327	9.607027	0.100100	9.609625	0.099800
328	9.607027	0.100100	9.609625	0.099800
329	9.607027	0.100100	9.609625	0.099800
330	9.607027	0.100100	9.609625	0.099800
331	9.607027	0.100100	9.609625	0.099800
332	9.607027	0.100100	9.609625	0.099800
333	9.607027	0.100100	9.609625	0.099800
334	9.607027	0.100100	9.609625	0.099800
335	9.607027	0.100100	9.609625	0.099800
336	9.607027	0.100100	9.609625	0.099800
337	9.607027	0.100100	9.609625	0.099800
338	9.607027	0.100100	9.609625	0.099800
339	9.607027	0.100100	9.609625	0.099800
340	9.607027	0.100100	9.609625	0.099800
341	9.607027	0.100100	9.609625	0.099800
342	9.607027	0.100100	9.609625	0.099800
343	9.607027	0.100100	9.609625	0.099800
344	9.607028	0.100100	9.609625	0.099800
345	9.607027	0.100100	9.609625	0.099800
346	9.607027	0.100100	9.609625	0.099800
347	9.607027	0.100100	9.609625	0.099800
348	9.607027	0.100100	9.609625	0.099800
349	9.607027	0.100100	9.609625	0.099800
350	9.607027	0.100100	9.609625	0.099800
351	9.607027	0.100100	9.609625	0.099800
352	9.607027	0.100100	9.609625	0.099800
353	9.607027	0.100100	9.609625	0.099800
354	9.607027	0.100100	9.609625	0.099800
355	9.607027	0.100100	9.609625	0.099800
356	9.607027	0.100100	9.609625	0.099800
357	9.607027	0.100100	9.609625	0.099800
358	9.607027	0.100100	9.609625	0.099800
359	9.607027	0.100100	9.609625	0.099800
360	9.607027	0.100100	9.609625	0.099800
361	9.607027	0.100100	9.609625	0.099800
362	9.607027	0.100100	9.609625	0.099800
363	9.607027	0.100100	9.609625	0.099800
364	9.607027	0.100100	9.609625	0.099800
365	9.607027	0.100100	9.609625	0.099800
366	9.607027	0.100100	9.609625	0.099800
367	9.607028	0.100100	9.609625	0.099800
368	9.607027	0.100100	9.609625	0.099800
369	9.607027	0.100100	9.609625	0.099800
370	9.607027	0.100100	9.609625	0.099800
371	9.607027	0.100100	9.609625	0.099800
372	9.607027	0.100100	9.609625	0.099800
373	9.607027	0.100100	9.609625	0.099800
374	9.607027	0.100100	9.609625	0.099800
375	9.607027	0.100100	9.609625	0.099800
376	9.607027	0.100100	9.609625	0.099800
377	9.607027	0.100100	9.609625	0.099800
378	9.607027	0.100100	9.609625	0.099800
379	9.607027	0.100100	9.609625	0.099800
380	9.607027	0.100100	9.609625	0.099800
381	9.607027	0.100100	9.609625	0.099800
382	9.607027	0.100100	9.609625	0.099800
383	9.607027	0.100100	9.609625	0.099800
384	9.607027	0.100100	9.609625	0.099800
385	9.607027	0.100100	9.609625	0.099800
386	9.607027	0.100100	9.609625	0.099800
387	9.607027	0.100100	9.609625	0.099800
388	9.607027	0.100100	9.609625	0.099800
389	9.607027	0.100100	9.609625	0.099800
390	9.607027	0.100100	9.609625	0.099800
391	9.607027	0.100100	9.609625	0.099800
392	9.607027	0.100100	9.609625	0.099800
393	9.607027	0.100100	9.609625	0.099800
394	9.607027	0.100100	9.609625	0.099800
395	9.607027	0.100100	9.609625	0.099800
396	9.607027	0.100100	9.609625	0.099800
397	9.607027	0.100100	9.609625	0.099800
398	9.607027	0.100100	9.609625	0.099800
399	9.607027	0.100100	9.609625	0.099800
400	9.607027	0.100100	9.609625	0.099800
401	9.607027	0.100100	9.609625	0.099800
402	9.607027	0.100100	9.609625	0.099800
403	9.607027	0.100100	9.609625	0.099800
404	9.607027	0.100100	9.609625	0.099800
405	9.607027	0.100100	9.609625	0.099800
406	9.607027	0.100100	9.609625	0.099800
407	9.607027	0.100100	9.609625	0.099800
408	9.607028	0.100100	9.609625	0.099800
409	9.607027	0.100100	9.609625	0.099800
410	9.607027	0.100100	9.609625	0.099800
411	9.607027	0.100100	9.609625	0.099800
412	9.607027	0.100100	9.609625	0.099800
413	9.607027	0.100100	9.609625	0.099800
414	9.607027	0.100100	9.609625	0.099800
415	9.607027	0.100100	9.609625	0.099800
416	9.607027	0.100100	9.609625	0.099800
417	9.607027	0.100100	9.609625	0.099800
418	9.607027	0.100100	9.609625	0.099800
419	9.607027	0.100100	9.609625	0.099800
420	9.607027	0.100100	9.609625	0.099800
421	9.607027	0.100100	9.609625	0.099800
422	9.607027	0.100100	9.609625	0.099800
423	9.607027	0.100100	9.609625	0.099800
424	9.607028	0.100100	9.609625	0.099800
425	9.607027	0.100100	9.609625	0.099800
426	9.607027	0.100100	9.609625	0.099800
427	9.607027	0.100100	9.609625	0.099800
428	9.607027	0.100100	9.609625	0.099800
429	9.607027	0.100100	9.609625	0.099800
430	9.607027	0.100100	9.609625	0.099800
431	9.607027	0.100100	9.609625	0.099800
432	9.607027	0.100100	9.609625	0.099800
433	9.607027	0.100100	9.609625	0.099800
434	9.607027	0.100100	9.609625	0.099800
435	9.607027	0.100100	9.609625	0.099800
436	9.607027	0.100100	9.609625	0.099800
437	9.607027	0.100100	9.609625	0.099800
438	9.607027	0.100100	9.609625	0.099800
439	9.607027	0.100100	9.609625	0.099800
440	9.607027	0.100100	9.609625	0.099800
441	9.607027	0.100100	9.609625	0.099800
442	9.607028	0.100100	9.609625	0.099800
443	9.607027	0.100100	9.609625	0.099800
444	9.607027	0.100100	9.609625	0.099800
445	9.607027	0.100100	9.609625	0.099800
446	9.607027	0.100100	9.609625	0.099800
447	9.607027	0.100100	9.609625	0.099800
448	9.607027	0.100100	9.609625	0.099800
449	9.607027	0.100100	9.609625	0.099800
450	9.607027	0.100100	9.609625	0.099800
451	9.607027	0.100100	9.609625	0.099800
452	9.607027	0.100100	9.609625	0.099800
453	9.607027	0.100100	9.609625	0.099800
454	9.607027	0.100100	9.609625	0.099800
455	9.607027	0.100100	9.609625	0.099800
456	9.607027	0.100100	9.609625	0.099800
457	9.607027	0.100100	9.609625	0.099800
458	9.607027	0.100100	9.609625	0.099800
459	9.607027	0.100100	9.609625	0.099800
460	9.607027	0.100100	9.609625	0.099800
461	9.607027	0.100100	9.609625	0.099800
462	9.607027	0.100100	9.609625	0.099800
463	9.607027	0.100100	9.609625	0.099800
464	9.607027	0.100100	9.609625	0.099800
465	9.607027	0.100100	9.609625	0.099800
466	9.607027	0.100100	9.609625	0.099800
467	9.607027	0.100100	9.609625	0.099800
468	9.607027	0.100100	9.609625	0.099800
469	9.607027	0.100100	9.609625	0.099800
470	9.607027	0.100100	9.609625	0.099800
471	9.607027	0.100100	9.609625	0.099800
472	9.607027	0.100100	9.609625	0.099800
473	9.607027	0.100100	9.609625	0.099800
474	9.607027	0.100100	9.609625	0.099800
475	9.607027	0.100100	9.609625	0.099800
476	9.607027	0.100100	9.609625	0.099800
477	9.607027	0.100100	9.609625	0.099800
478	9.607027	0.100100	9.609625	0.099800
479	9.607027	0.100100	9.609625	0.099800
480	9.607027	0.100100	9.609625	0.099800
481	9.607028	0.100100	9.609625	0.099800
482	9.607027	0.100100	9.609625	0.099800
483	9.607027	0.100100	9.609625	0.099800
484	9.607027	0.100100	9.609625	0.099800
485	9.607027	0.100100	9.609625	0.099800
486	9.607027	0.100100	9.609625	0.099800
487	9.607027	0.100100	9.609625	0.099800
488	9.607027	0.100100	9.609625	0.099800
489	9.607027	0.100100	9.609625	0.099800
490	9.607027	0.100100	9.609625	0.099800
491	9.607027	0.100100	9.609625	0.099800
492	9.607027	0.100100	9.609625	0.099800
493	9.607027	0.100100	9.609625	0.099800
494	9.607027	0.100100	9.609625	0.099800
495	9.607027	0.100100	9.609625	0.099800
496	9.607027	0.100100	9.609625	0.099800
497	9.607027	0.100100	9.609625	0.099800
498	9.607027	0.100100	9.609625	0.099800
499	9.607027	0.100100	9.609625	0.099800
500	9.607027	0.100100	9.609625	0.099800
501	9.607027	0.100100	9.609625	0.099800
502	9.607027	0.100100	9.609625	0.099800
503	9.607027	0.100100	9.609625	0.099800
504	9.607027	0.100100	9.609625	0.099800
505	9.607027	0.100100	9.609625	0.099800
506	9.607027	0.100100	9.609625	0.099800
507	9.607027	0.100100	9.609625	0.099800
508	9.607028	0.100100	9.609625	0.099800
509	9.607028	0.100100	9.609625	0.099800
510	9.607027	0.100100	9.609625	0.099800
511	9.607027	0.100100	9.609625	0.099800
512	9.607027	0.100100	9.609625	0.099800
513	9.607027	0.100100	9.609625	0.099800
514	9.607027	0.100100	9.609625	0.099800
515	9.607027	0.100100	9.609625	0.099800
516	9.607027	0.100100	9.609625	0.099800
517	9.607027	0.100100	9.609625	0.099800
518	9.607027	0.100100	9.609625	0.099800
519	9.607027	0.100100	9.609625	0.099800
520	9.607027	0.100100	9.609625	0.099800
521	9.607027	0.100100	9.609625	0.099800
522	9.607027	0.100100	9.609625	0.099800
523	9.607027	0.100100	9.609625	0.099800
524	9.607027	0.100100	9.609625	0.099800
525	9.607027	0.100100	9.609625	0.099800
526	9.607027	0.100100	9.609625	0.099800
527	9.607027	0.100100	9.609625	0.099800
528	9.607027	0.100100	9.609625	0.099800
529	9.607027	0.100100	9.609625	0.099800
530	9.607028	0.100100	9.609625	0.099800
531	9.607027	0.100100	9.609625	0.099800
532	9.607027	0.100100	9.609625	0.099800
533	9.607028	0.100100	9.609625	0.099800
534	9.607027	0.100100	9.609625	0.099800
535	9.607027	0.100100	9.609625	0.099800
536	9.607027	0.100100	9.609625	0.099800
537	9.607027	0.100100	9.609625	0.099800
538	9.607027	0.100100	9.609625	0.099800
539	9.607027	0.100100	9.609625	0.099800
540	9.607027	0.100100	9.609625	0.099800
541	9.607027	0.100100	9.609625	0.099800
542	9.607027	0.100100	9.609625	0.099800
543	9.607027	0.100100	9.609625	0.099800
544	9.607027	0.100100	9.609625	0.099800
545	9.607027	0.100100	9.609625	0.099800
546	9.607027	0.100100	9.609625	0.099800
547	9.607027	0.100100	9.609625	0.099800
548	9.607027	0.100100	9.609625	0.099800
549	9.607027	0.100100	9.609625	0.099800
550	9.607027	0.100100	9.609625	0.099800
551	9.607027	0.100100	9.609625	0.099800
552	9.607027	0.100100	9.609625	0.099800
553	9.607027	0.100100	9.609625	0.099800
554	9.607027	0.100100	9.609625	0.099800
555	9.607027	0.100100	9.609625	0.099800
556	9.607027	0.100100	9.609625	0.099800
557	9.607027	0.100100	9.609625	0.099800
558	9.607027	0.100100	9.609625	0.099800
559	9.607027	0.100100	9.609625	0.099800
560	9.607027	0.100100	9.609625	0.099800
561	9.607027	0.100100	9.609625	0.099800
562	9.607027	0.100100	9.609625	0.099800
563	9.607027	0.100100	9.609625	0.099800
564	9.607027	0.100100	9.609625	0.099800
565	9.607027	0.100100	9.609625	0.099800
566	9.607027	0.100100	9.609625	0.099800
567	9.607028	0.100100	9.609625	0.099800
568	9.607027	0.100100	9.609625	0.099800
569	9.607027	0.100100	9.609625	0.099800
570	9.607027	0.100100	9.609625	0.099800
571	9.607027	0.100100	9.609625	0.099800
572	9.607027	0.100100	9.609625	0.099800
573	9.607027	0.100100	9.609625	0.099800
574	9.607027	0.100100	9.609625	0.099800
575	9.607027	0.100100	9.609625	0.099800
576	9.607027	0.100100	9.609625	0.099800
577	9.607027	0.100100	9.609625	0.099800
578	9.607027	0.100100	9.609625	0.099800
579	9.607027	0.100100	9.609625	0.099800
580	9.607027	0.100100	9.609625	0.099800
581	9.607027	0.100100	9.609625	0.099800
582	9.607027	0.100100	9.609625	0.099800
583	9.607027	0.100100	9.609625	0.099800
584	9.607027	0.100100	9.609625	0.099800
585	9.607027	0.100100	9.609625	0.099800
586	9.607027	0.100100	9.609625	0.099800
587	9.607027	0.100100	9.609625	0.099800
588	9.607027	0.100100	9.609625	0.099800
589	9.607027	0.100100	9.609625	0.099800
590	9.607027	0.100100	9.609625	0.099800
591	9.607027	0.100100	9.609625	0.099800
592	9.607027	0.100100	9.609625	0.099800
593	9.607027	0.100100	9.609625	0.099800
594	9.607027	0.100100	9.609625	0.099800
595	9.607027	0.100100	9.609625	0.099800
596	9.607027	0.100100	9.609625	0.099800
597	9.607027	0.100100	9.609625	0.099800
598	9.607027	0.100100	9.609625	0.099800
599	9.607027	0.100100	9.609625	0.099800
600	9.607027	0.100100	9.609625	0.099800
601	9.607027	0.100100	9.609625	0.099800
602	9.607027	0.100100	9.609625	0.099800
603	9.607027	0.100100	9.609625	0.099800
604	9.607027	0.100100	9.609625	0.099800
605	9.607027	0.100100	9.609625	0.099800
606	9.607027	0.100100	9.609625	0.099800
607	9.607027	0.100100	9.609625	0.099800
608	9.607027	0.100100	9.609625	0.099800
609	9.607027	0.100100	9.609625	0.099800
610	9.607027	0.100100	9.609625	0.099800
611	9.607027	0.100100	9.609625	0.099800
612	9.607027	0.100100	9.609625	0.099800
613	9.607027	0.100100	9.609625	0.099800
614	9.607027	0.100100	9.609625	0.099800
615	9.607027	0.100100	9.609625	0.099800
616	9.607027	0.100100	9.609625	0.099800
617	9.607027	0.100100	9.609625	0.099800
618	9.607027	0.100100	9.609625	0.099800
619	9.607027	0.100100	9.609625	0.099800
620	9.607027	0.100100	9.609625	0.099800
621	9.607027	0.100100	9.609625	0.099800
622	9.607027	0.100100	9.609625	0.099800
623	9.607027	0.100100	9.609625	0.099800
624	9.607027	0.100100	9.609625	0.099800
625	9.607027	0.100100	9.609625	0.099800
626	9.607027	0.100100	9.609625	0.099800
627	9.607027	0.100100	9.609625	0.099800
628	9.607027	0.100100	9.609625	0.099800
629	9.607027	0.100100	9.609625	0.099800
630	9.607027	0.100100	9.609625	0.099800
631	9.607027	0.100100	9.609625	0.099800
632	9.607027	0.100100	9.609625	0.099800
633	9.607027	0.100100	9.609625	0.099800
634	9.607027	0.100100	9.609625	0.099800
635	9.607027	0.100100	9.609625	0.099800
636	9.607027	0.100100	9.609625	0.099800
637	9.607027	0.100100	9.609625	0.099800
638	9.607027	0.100100	9.609625	0.099800
639	9.607027	0.100100	9.609625	0.099800
640	9.607027	0.100100	9.609625	0.099800
641	9.607027	0.100100	9.609625	0.099800
642	9.607027	0.100100	9.609625	0.099800
643	9.607027	0.100100	9.609625	0.099800
644	9.607027	0.100100	9.609625	0.099800
645	9.607027	0.100100	9.609625	0.099800
646	9.607027	0.100100	9.609625	0.099800
647	9.607027	0.100100	9.609625	0.099800
648	9.607027	0.100100	9.609625	0.099800
649	9.607027	0.100100	9.609625	0.099800
650	9.607028	0.100100	9.609625	0.099800
651	9.607027	0.100100	9.609625	0.099800
652	9.607027	0.100100	9.609625	0.099800
653	9.607027	0.100100	9.609625	0.099800
654	9.607027	0.100100	9.609625	0.099800
655	9.607027	0.100100	9.609625	0.099800
656	9.607027	0.100100	9.609625	0.099800
657	9.607027	0.100100	9.609625	0.099800
658	9.607027	0.100100	9.609625	0.099800
659	9.607027	0.100100	9.609625	0.099800
660	9.607027	0.100100	9.609625	0.099800
661	9.607027	0.100100	9.609625	0.099800
662	9.607027	0.100100	9.609625	0.099800
663	9.607027	0.100100	9.609625	0.099800
664	9.607027	0.100100	9.609625	0.099800
665	9.607027	0.100100	9.609625	0.099800
666	9.607027	0.100100	9.609625	0.099800
667	9.607028	0.100100	9.609625	0.099800
668	9.607027	0.100100	9.609625	0.099800
669	9.607027	0.100100	9.609625	0.099800
670	9.607027	0.100100	9.609625	0.099800
671	9.607027	0.100100	9.609625	0.099800
672	9.607027	0.100100	9.609625	0.099800
673	9.607027	0.100100	9.609625	0.099800
674	9.607027	0.100100	9.609625	0.099800
675	9.607027	0.100100	9.609625	0.099800
676	9.607027	0.100100	9.609625	0.099800
677	9.607027	0.100100	9.609625	0.099800
678	9.607027	0.100100	9.609625	0.099800
679	9.607028	0.100100	9.609625	0.099800
680	9.607027	0.100100	9.609625	0.099800
681	9.607027	0.100100	9.609625	0.099800
682	9.607027	0.100100	9.609625	0.099800
683	9.607027	0.100100	9.609625	0.099800
684	9.607027	0.100100	9.609625	0.099800
685	9.607027	0.100100	9.609625	0.099800
686	9.607027	0.100100	9.609625	0.099800
687	9.607027	0.100100	9.609625	0.099800
688	9.607027	0.100100	9.609625	0.099800
689	9.607027	0.100100	9.609625	0.099800
690	9.607027	0.100100	9.609625	0.099800
691	9.607027	0.100100	9.609625	0.099800
692	9.607027	0.100100	9.609625	0.099800
693	9.607027	0.100100	9.609625	0.099800
694	9.607027	0.100100	9.609625	0.099800
695	9.607027	0.100100	9.609625	0.099800
696	9.607027	0.100100	9.609625	0.099800
697	9.607027	0.100100	9.609625	0.099800
698	9.607027	0.100100	9.609625	0.099800
699	9.607027	0.100100	9.609625	0.099800
700	9.607027	0.100100	9.609625	0.099800
701	9.607027	0.100100	9.609625	0.099800
702	9.607027	0.100100	9.609625	0.099800
703	9.607027	0.100100	9.609625	0.099800
704	9.607028	0.100100	9.609625	0.099800
705	9.607027	0.100100	9.609625	0.099800
706	9.607027	0.100100	9.609625	0.099800
707	9.607027	0.100100	9.609625	0.099800
708	9.607027	0.100100	9.609625	0.099800
709	9.607027	0.100100	9.609625	0.099800
710	9.607027	0.100100	9.609625	0.099800
711	9.607027	0.100100	9.609625	0.099800
712	9.607027	0.100100	9.609625	0.099800
713	9.607027	0.100100	9.609625	0.099800
714	9.607027	0.100100	9.609625	0.099800
715	9.607027	0.100100	9.609625	0.099800
716	9.607027	0.100100	9.609625	0.099800
717	9.607027	0.100100	9.609625	0.099800
718	9.607027	0.100100	9.609625	0.099800
719	9.607027	0.100100	9.609625	0.099800
720	9.607027	0.100100	9.609625	0.099800
721	9.607027	0.100100	9.609625	0.099800
722	9.607027	0.100100	9.609625	0.099800
723	9.607027	0.100100	9.609625	0.099800
724	9.607027	0.100100	9.609625	0.099800
725	9.607027	0.100100	9.609625	0.099800
726	9.607027	0.100100	9.609625	0.099800
727	9.607027	0.100100	9.609625	0.099800
728	9.607027	0.100100	9.609625	0.099800
729	9.607027	0.100100	9.609625	0.099800
730	9.607027	0.100100	9.609625	0.099800
731	9.607027	0.100100	9.609625	0.099800
732	9.607027	0.100100	9.609625	0.099800
733	9.607027	0.100100	9.609625	0.099800
734	9.607027	0.100100	9.609625	0.099800
735	9.607027	0.100100	9.609625	0.099800
736	9.607027	0.100100	9.609625	0.099800
737	9.607027	0.100100	9.609625	0.099800
738	9.607027	0.100100	9.609625	0.099800
739	9.607027	0.100100	9.609625	0.099800
740	9.607027	0.100100	9.609625	0.099800
741	9.607027	0.100100	9.609625	0.099800
742	9.607027	0.100100	9.609625	0.099800
743	9.607027	0.100100	9.609625	0.099800
744	9.607027	0.100100	9.609625	0.099800
745	9.607027	0.100100	9.609625	0.099800
746	9.607027	0.100100	9.609625	0.099800
747	9.607027	0.100100	9.609625	0.099800
748	9.607027	0.100100	9.609625	0.099800
749	9.607027	0.100100	9.609625	0.099800
750	9.607027	0.100100	9.609625	0.099800
751	9.607027	0.100100	9.609625	0.099800
752	9.607027	0.100100	9.609625	0.099800
753	9.607027	0.100100	9.609625	0.099800
754	9.607027	0.100100	9.609625	0.099800
755	9.607027	0.100100	9.609625	0.099800
756	9.607027	0.100100	9.609625	0.099800
757	9.607027	0.100100	9.609625	0.099800
758	9.607027	0.100100	9.609625	0.099800
759	9.607027	0.100100	9.609625	0.099800
760	9.607027	0.100100	9.609625	0.099800
761	9.607027	0.100100	9.609625	0.099800
762	9.607027	0.100100	9.609625	0.099800
763	9.607027	0.100100	9.609625	0.099800
764	9.607027	0.100100	9.609625	0.099800
765	9.607027	0.100100	9.609625	0.099800
766	9.607027	0.100100	9.609625	0.099800
767	9.607027	0.100100	9.609625	0.099800
768	9.607027	0.100100	9.609625	0.099800
769	9.607027	0.100100	9.609625	0.099800
770	9.607027	0.100100	9.609625	0.099800
771	9.607027	0.100100	9.609625	0.099800
772	9.607027	0.100100	9.609625	0.099800
773	9.607027	0.100100	9.609625	0.099800
774	9.607027	0.100100	9.609625	0.099800
775	9.607027	0.100100	9.609625	0.099800
776	9.607027	0.100100	9.609625	0.099800
777	9.607027	0.100100	9.609625	0.099800
778	9.607027	0.100100	9.609625	0.099800
779	9.607027	0.100100	9.609625	0.099800
780	9.607027	0.100100	9.609625	0.099800
781	9.607027	0.100100	9.609625	0.099800
782	9.607027	0.100100	9.609625	0.099800
783	9.607027	0.100100	9.609625	0.099800
784	9.607027	0.100100	9.609625	0.099800
785	9.607027	0.100100	9.609625	0.099800
786	9.607027	0.100100	9.609625	0.099800
787	9.607027	0.100100	9.609625	0.099800
788	9.607028	0.100100	9.609625	0.099800
789	9.607027	0.100100	9.609625	0.099800
790	9.607027	0.100100	9.609625	0.099800
791	9.607027	0.100100	9.609625	0.099800
792	9.607027	0.100100	9.609625	0.099800
793	9.607027	0.100100	9.609625	0.099800
794	9.607027	0.100100	9.609625	0.099800
795	9.607027	0.100100	9.609625	0.099800
796	9.607027	0.100100	9.609625	0.099800
797	9.607027	0.100100	9.609625	0.099800
798	9.607027	0.100100	9.609625	0.099800
799	9.607027	0.100100	9.609625	0.099800
800	9.607027	0.100100	9.609625	0.099800
801	9.607027	0.100100	9.609625	0.099800
802	9.607027	0.100100	9.609625	0.099800
803	9.607027	0.100100	9.609625	0.099800
804	9.607027	0.100100	9.609625	0.099800
805	9.607027	0.100100	9.609625	0.099800
806	9.607027	0.100100	9.609625	0.099800
807	9.607027	0.100100	9.609625	0.099800
808	9.607027	0.100100	9.609625	0.099800
809	9.607027	0.100100	9.609625	0.099800
810	9.607027	0.100100	9.609625	0.099800
811	9.607027	0.100100	9.609625	0.099800
812	9.607027	0.100100	9.609625	0.099800
813	9.607027	0.100100	9.609625	0.099800
814	9.607027	0.100100	9.609625	0.099800
815	9.607027	0.100100	9.609625	0.099800
816	9.607027	0.100100	9.609625	0.099800
817	9.607027	0.100100	9.609625	0.099800
818	9.607027	0.100100	9.609625	0.099800
819	9.607027	0.100100	9.609625	0.099800
820	9.607027	0.100100	9.609625	0.099800
821	9.607028	0.100100	9.609625	0.099800
822	9.607027	0.100100	9.609625	0.099800
823	9.607027	0.100100	9.609625	0.099800
824	9.607027	0.100100	9.609625	0.099800
825	9.607027	0.100100	9.609625	0.099800
826	9.607027	0.100100	9.609625	0.099800
827	9.607027	0.100100	9.609625	0.099800
828	9.607027	0.100100	9.609625	0.099800
829	9.607027	0.100100	9.609625	0.099800
830	9.607027	0.100100	9.609625	0.099800
831	9.607027	0.100100	9.609625	0.099800
832	9.607027	0.100100	9.609625	0.099800
833	9.607027	0.100100	9.609625	0.099800
834	9.607027	0.100100	9.609625	0.099800
835	9.607027	0.100100	9.609625	0.099800
836	9.607027	0.100100	9.609625	0.099800
837	9.607027	0.100100	9.609625	0.099800
838	9.607027	0.100100	9.609625	0.099800
839	9.607027	0.100100	9.609625	0.099800
840	9.607027	0.100100	9.609625	0.099800
841	9.607027	0.100100	9.609625	0.099800
842	9.607027	0.100100	9.609625	0.099800
843	9.607027	0.100100	9.609625	0.099800
844	9.607027	0.100100	9.609625	0.099800
845	9.607027	0.100100	9.609625	0.099800
846	9.607027	0.100100	9.609625	0.099800
847	9.607027	0.100100	9.609625	0.099800
848	9.607027	0.100100	9.609625	0.099800
849	9.607027	0.100100	9.609625	0.099800
850	9.607027	0.100100	9.609625	0.099800
851	9.607027	0.100100	9.609625	0.099800
852	9.607027	0.100100	9.609625	0.099800
853	9.607027	0.100100	9.609625	0.099800
854	9.607027	0.100100	9.609625	0.099800
855	9.607027	0.100100	9.609625	0.099800
856	9.607027	0.100100	9.609625	0.099800
857	9.607027	0.100100	9.609625	0.099800
858	9.607027	0.100100	9.609625	0.099800
859	9.607027	0.100100	9.609625	0.099800
860	9.607027	0.100100	9.609625	0.099800
861	9.607027	0.100100	9.609625	0.099800
862	9.607027	0.100100	9.609625	0.099800
863	9.607027	0.100100	9.609625	0.099800
864	9.607027	0.100100	9.609625	0.099800
865	9.607027	0.100100	9.609625	0.099800
866	9.607027	0.100100	9.609625	0.099800
867	9.607027	0.100100	9.609625	0.099800
868	9.607027	0.100100	9.609625	0.099800
869	9.607027	0.100100	9.609625	0.099800
870	9.607027	0.100100	9.609625	0.099800
871	9.607027	0.100100	9.609625	0.099800
872	9.607027	0.100100	9.609625	0.099800
873	9.607027	0.100100	9.609625	0.099800
874	9.607027	0.100100	9.609625	0.099800
875	9.607027	0.100100	9.609625	0.099800
876	9.607027	0.100100	9.609625	0.099800
877	9.607027	0.100100	9.609625	0.099800
878	9.607027	0.100100	9.609625	0.099800
879	9.607028	0.100100	9.609625	0.099800
880	9.607027	0.100100	9.609625	0.099800
881	9.607027	0.100100	9.609625	0.099800
882	9.607027	0.100100	9.609625	0.099800
883	9.607027	0.100100	9.609625	0.099800
884	9.607027	0.100100	9.609625	0.099800
885	9.607027	0.100100	9.609625	0.099800
886	9.607027	0.100100	9.609625	0.099800
887	9.607027	0.100100	9.609625	0.099800
888	9.607027	0.100100	9.609625	0.099800
889	9.607027	0.100100	9.609625	0.099800
890	9.607027	0.100100	9.609625	0.099800
891	9.607027	0.100100	9.609625	0.099800
892	9.607027	0.100100	9.609625	0.099800
893	9.607027	0.100100	9.609625	0.099800
894	9.607027	0.100100	9.609625	0.099800
895	9.607027	0.100100	9.609625	0.099800
896	9.607027	0.100100	9.609625	0.099800
897	9.607027	0.100100	9.609625	0.099800
898	9.607027	0.100100	9.609625	0.099800
899	9.607027	0.100100	9.609625	0.099800
900	9.607027	0.100100	9.609625	0.099800
901	9.607027	0.100100	9.609625	0.099800
902	9.607027	0.100100	9.609625	0.099800
903	9.607027	0.100100	9.609625	0.099800
904	9.607027	0.100100	9.609625	0.099800
905	9.607028	0.100100	9.609625	0.099800
906	9.607027	0.100100	9.609625	0.099800
907	9.607027	0.100100	9.609625	0.099800
908	9.607027	0.100100	9.609625	0.099800
909	9.607027	0.100100	9.609625	0.099800
910	9.607027	0.100100	9.609625	0.099800
911	9.607027	0.100100	9.609625	0.099800
912	9.607027	0.100100	9.609625	0.099800
913	9.607027	0.100100	9.609625	0.099800
914	9.607027	0.100100	9.609625	0.099800
915	9.607027	0.100100	9.609625	0.099800
916	9.607027	0.100100	9.609625	0.099800
917	9.607027	0.100100	9.609625	0.099800
918	9.607027	0.100100	9.609625	0.099800
919	9.607027	0.100100	9.609625	0.099800
920	9.607027	0.100100	9.609625	0.099800
921	9.607027	0.100100	9.609625	0.099800
922	9.607027	0.100100	9.609625	0.099800
923	9.607027	0.100100	9.609625	0.099800
924	9.607027	0.100100	9.609625	0.099800
925	9.607027	0.100100	9.609625	0.099800
926	9.607027	0.100100	9.609625	0.099800
927	9.607027	0.100100	9.609625	0.099800
928	9.607027	0.100100	9.609625	0.099800
929	9.607027	0.100100	9.609625	0.099800
930	9.607027	0.100100	9.609625	0.099800
931	9.607027	0.100100	9.609625	0.099800
932	9.607027	0.100100	9.609625	0.099800
933	9.607027	0.100100	9.609625	0.099800
934	9.607027	0.100100	9.609625	0.099800
935	9.607027	0.100100	9.609625	0.099800
936	9.607027	0.100100	9.609625	0.099800
937	9.607028	0.100100	9.609625	0.099800
938	9.607027	0.100100	9.609625	0.099800
939	9.607027	0.100100	9.609625	0.099800
940	9.607027	0.100100	9.609625	0.099800
941	9.607027	0.100100	9.609625	0.099800
942	9.607027	0.100100	9.609625	0.099800
943	9.607027	0.100100	9.609625	0.099800
944	9.607027	0.100100	9.609625	0.099800
945	9.607027	0.100100	9.609625	0.099800
946	9.607027	0.100100	9.609625	0.099800
947	9.607027	0.100100	9.609625	0.099800
948	9.607027	0.100100	9.609625	0.099800
949	9.607027	0.100100	9.609625	0.099800
950	9.607027	0.100100	9.609625	0.099800
951	9.607027	0.100100	9.609625	0.099800
952	9.607027	0.100100	9.609625	0.099800
953	9.607027	0.100100	9.609625	0.099800
954	9.607027	0.100100	9.609625	0.099800
955	9.607027	0.100100	9.609625	0.099800
956	9.607027	0.100100	9.609625	0.099800
957	9.607027	0.100100	9.609625	0.099800
958	9.607027	0.100100	9.609625	0.099800
959	9.607027	0.100100	9.609625	0.099800
960	9.607027	0.100100	9.609625	0.099800
961	9.607027	0.100100	9.609625	0.099800
962	9.607027	0.100100	9.609625	0.099800
963	9.607027	0.100100	9.609625	0.099800
964	9.607027	0.100100	9.609625	0.099800
965	9.607027	0.100100	9.609625	0.099800
966	9.607027	0.100100	9.609625	0.099800
967	9.607027	0.100100	9.609625	0.099800
968	9.607027	0.100100	9.609625	0.099800
969	9.607027	0.100100	9.609625	0.099800
970	9.607027	0.100100	9.609625	0.099800
971	9.607027	0.100100	9.609625	0.099800
972	9.607027	0.100100	9.609625	0.099800
973	9.607027	0.100100	9.609625	0.099800
974	9.607027	0.100100	9.609625	0.099800
975	9.607027	0.100100	9.609625	0.099800
976	9.607027	0.100100	9.609625	0.099800
977	9.607027	0.100100	9.609625	0.099800
978	9.607027	0.100100	9.609625	0.099800
979	9.607027	0.100100	9.609625	0.099800
980	9.607027	0.100100	9.609625	0.099800
981	9.607027	0.100100	9.609625	0.099800
982	9.607027	0.100100	9.609625	0.099800
983	9.607027	0.100100	9.609625	0.099800
984	9.607027	0.100100	9.609625	0.099800
985	9.607027	0.100100	9.609625	0.099800
986	9.607027	0.100100	9.609625	0.099800
987	9.607027	0.100100	9.609625	0.099800
988	9.607027	0.100100	9.609625	0.099800
989	9.607027	0.100100	9.609625	0.099800
990	9.607027	0.100100	9.609625	0.099800
991	9.607027	0.100100	9.609625	0.099800
992	9.607027	0.100100	9.609625	0.099800
993	9.607027	0.100100	9.609625	0.099800
994	9.607027	0.100100	9.609625	0.099800
995	9.607027	0.100100	9.609625	0.099800
996	9.607027	0.100100	9.609625	0.099800
997	9.607027	0.100100	9.609625	0.099800
998	9.607028	0.100100	9.609625	0.099800
999	9.607027	0.100100	9.609625	0.099800
