epoch	loss	acc	val_loss	val_acc
0	3.810554	0.141180	3.515796	0.221500
1	3.502212	0.199360	3.488730	0.200500
2	3.470836	0.199340	3.530098	0.152600
3	3.446993	0.222760	3.422123	0.207300
4	3.430300	0.238280	3.408361	0.249500
5	3.421716	0.248200	3.396526	0.287100
6	3.413493	0.218040	3.431693	0.187900
7	3.406127	0.249060	3.394707	0.274400
8	3.403945	0.258000	3.408316	0.259900
9	3.401311	0.262080	3.424573	0.264800
10	3.412874	0.264500	3.380407	0.284300
11	3.396237	0.268360	3.445904	0.283500
12	3.385642	0.268300	3.437479	0.297800
13	3.400113	0.266920	3.379954	0.282600
14	3.387890	0.281860	3.373383	0.292200
15	3.379657	0.257060	3.408630	0.213500
16	3.375426	0.277540	3.440248	0.272600
17	3.381776	0.283100	3.410275	0.277400
18	3.374490	0.270880	3.398651	0.262000
19	3.366041	0.278120	3.479486	0.211300
20	3.373503	0.279740	3.418694	0.244700
21	3.363453	0.260740	3.383569	0.277300
22	3.363685	0.281340	3.399293	0.249400
23	3.360329	0.287000	3.393512	0.281600
24	3.366818	0.280400	3.433229	0.279000
25	3.353365	0.287880	3.439152	0.260200
26	3.361619	0.291280	3.433644	0.262800
27	3.359939	0.285460	3.355447	0.294000
28	3.359123	0.296440	3.405774	0.307200
29	3.377648	0.295720	3.366264	0.289400
30	3.357527	0.284380	3.390192	0.279100
31	3.345840	0.284520	3.406237	0.233100
32	3.347852	0.278420	3.421070	0.245200
33	3.358873	0.292400	3.366448	0.299600
34	3.347723	0.294780	3.418024	0.251800
35	3.343837	0.287360	3.354197	0.295400
36	3.339463	0.293900	3.360350	0.272900
37	3.344076	0.295660	3.465205	0.237200
38	3.353115	0.294300	3.366243	0.303800
39	3.341460	0.295820	3.402171	0.293700
40	3.339680	0.305740	3.388751	0.309400
41	3.345078	0.296820	3.365483	0.287400
42	3.346005	0.276820	3.376728	0.234400
43	3.348797	0.299000	3.390064	0.202400
44	3.343802	0.275980	3.370101	0.268400
45	3.346347	0.289240	3.426538	0.294400
46	3.351130	0.277860	3.427568	0.235600
47	3.345707	0.295100	3.395152	0.298600
48	3.339754	0.294800	3.355501	0.288400
49	3.340097	0.298000	3.355128	0.307900
50	3.334666	0.311640	3.360898	0.307000
51	3.340396	0.307900	3.396014	0.298900
52	3.345846	0.308200	3.380498	0.302400
53	3.338847	0.308520	3.357083	0.309500
54	3.327392	0.308500	3.350361	0.281800
55	3.334115	0.270160	3.347519	0.281900
56	3.337728	0.286640	3.339081	0.313500
57	3.325091	0.314000	3.378134	0.308200
58	3.321965	0.300920	3.385381	0.321400
59	3.330411	0.292260	3.365291	0.293900
60	3.321965	0.307020	3.356142	0.313400
61	3.320916	0.306940	3.344908	0.288600
62	3.322011	0.313500	3.438428	0.306900
63	3.328285	0.304540	3.356300	0.325100
64	3.321878	0.311060	3.342172	0.321000
65	3.313147	0.314740	3.399585	0.275700
66	3.318495	0.303000	3.352931	0.314000
67	3.319926	0.314640	3.417917	0.310100
68	3.317386	0.309700	3.376638	0.299100
69	3.318654	0.301620	3.366202	0.303500
70	3.312642	0.315640	3.413536	0.291600
71	3.328236	0.304260	3.354300	0.298700
72	3.312106	0.311200	3.364445	0.322000
73	3.319524	0.320020	3.400542	0.308200
74	3.327293	0.304940	3.361494	0.316400
75	3.310165	0.314580	3.392975	0.304400
76	3.320300	0.305840	3.358204	0.285800
77	3.313514	0.304920	3.331821	0.302500
78	3.307726	0.318960	3.386233	0.299900
79	3.313176	0.316140	3.345018	0.294300
80	3.313874	0.315420	3.348404	0.286400
81	3.308497	0.312540	3.380521	0.306000
82	3.313019	0.312960	3.365928	0.314700
83	3.318975	0.320540	3.433813	0.318200
84	3.326325	0.300060	3.351801	0.287700
85	3.309781	0.301420	3.342990	0.303900
86	3.311820	0.322120	3.384302	0.309600
87	3.313280	0.317920	3.396389	0.309500
88	3.306516	0.315860	3.353787	0.311700
89	3.305857	0.305480	3.387801	0.283900
90	3.302537	0.308800	3.357619	0.302800
91	3.304317	0.313380	3.341910	0.319000
92	3.298245	0.315460	3.386807	0.284000
93	3.297951	0.309520	3.352490	0.310600
94	3.308666	0.322240	3.338224	0.317500
95	3.310195	0.301900	3.382429	0.269300
96	3.309549	0.303440	3.336568	0.316700
97	3.296464	0.319900	3.349668	0.297300
98	3.303792	0.320120	3.352326	0.298300
99	3.296648	0.317200	3.366038	0.294700
100	3.306177	0.320660	3.350303	0.303000
101	3.298486	0.328180	3.387534	0.323100
102	3.305598	0.310660	3.367828	0.305400
103	3.300464	0.315100	3.341935	0.320200
104	3.300080	0.325240	3.346399	0.313500
105	3.306317	0.318980	3.360956	0.298700
106	3.305549	0.306260	3.374418	0.280800
107	3.310527	0.298180	3.340929	0.309900
108	3.299360	0.315460	3.374770	0.329300
109	3.294851	0.318000	3.340144	0.318200
110	3.298784	0.310520	3.358340	0.290200
111	3.302983	0.308260	3.362885	0.311500
112	3.297899	0.316680	3.358544	0.297500
113	3.301803	0.323540	3.355019	0.323600
114	3.296970	0.330840	3.448598	0.296900
115	3.308476	0.318140	3.346050	0.308900
116	3.299627	0.321880	3.436653	0.271800
117	3.294254	0.322360	3.337108	0.326200
118	3.300671	0.316100	3.342703	0.316400
119	3.291402	0.321060	3.345834	0.313900
120	3.287559	0.325360	3.376936	0.327700
121	3.301557	0.321860	3.377551	0.310800
122	3.295206	0.313160	3.357709	0.308300
123	3.290142	0.315620	3.369043	0.300600
124	3.291108	0.322000	3.390997	0.288800
125	3.302314	0.311460	3.370531	0.317200
126	3.290136	0.316840	3.359087	0.328500
127	3.294605	0.315120	3.361735	0.302300
128	3.290554	0.318560	3.336622	0.309300
129	3.289977	0.328360	3.361193	0.328600
130	3.300225	0.327800	3.511314	0.328300
131	3.298102	0.323120	3.358682	0.315500
132	3.294452	0.328780	3.428188	0.290300
133	3.291456	0.326260	3.433046	0.333500
134	3.291190	0.327360	3.357934	0.325800
135	3.284564	0.329300	3.402606	0.322700
136	3.282370	0.326820	3.415945	0.311800
137	3.289020	0.327000	3.402091	0.320600
138	3.286135	0.325020	3.334728	0.322700
139	3.288423	0.326860	3.395949	0.291700
140	3.290906	0.315820	3.351013	0.287700
141	3.286814	0.313680	3.413236	0.289400
142	3.290124	0.315080	3.347239	0.315900
143	3.281907	0.326560	3.386986	0.315700
144	3.286759	0.324180	3.368370	0.325900
145	3.288575	0.323280	3.352600	0.322900
146	3.277613	0.326040	3.425926	0.333500
147	3.289903	0.326480	3.426008	0.288100
148	3.282841	0.325220	3.494562	0.289500
149	3.282149	0.330720	3.436784	0.331500
150	3.278535	0.327440	3.366464	0.318300
151	3.281212	0.330740	3.407126	0.296400
152	3.285818	0.316480	3.363897	0.320600
153	3.276948	0.331280	3.367410	0.329600
154	3.281075	0.330920	3.431327	0.321700
155	3.281813	0.322860	3.368706	0.317700
156	3.281488	0.311460	3.371353	0.295300
157	3.284379	0.312960	3.347841	0.329100
158	3.272511	0.327020	3.431577	0.328900
159	3.277285	0.325260	3.404659	0.320300
160	3.289958	0.302600	3.349140	0.301700
161	3.276396	0.320640	3.332086	0.331000
162	3.280383	0.331720	3.398240	0.312600
163	3.279788	0.320580	3.356991	0.324600
164	3.273723	0.324000	3.389561	0.317700
165	3.276733	0.333540	3.370693	0.326600
166	3.278064	0.330000	3.361437	0.329200
167	3.279097	0.333020	3.342590	0.319000
168	3.278915	0.323900	3.365242	0.296100
169	3.285981	0.320300	3.411942	0.327800
170	3.281764	0.329100	3.414562	0.294500
171	3.279639	0.328460	3.365330	0.319900
172	3.273650	0.326820	3.382509	0.318400
173	3.281147	0.313660	3.361581	0.309000
174	3.274015	0.323620	3.331275	0.316500
175	3.272863	0.328540	3.388924	0.313900
176	3.274603	0.322580	3.356760	0.305500
177	3.271923	0.330040	3.404010	0.295600
178	3.279543	0.322680	3.391831	0.328100
179	3.272633	0.333260	3.410196	0.328600
180	3.278944	0.334300	3.342707	0.315700
181	3.269198	0.331580	3.387229	0.326200
182	3.274050	0.326440	3.334346	0.317700
183	3.270203	0.328640	3.360299	0.324700
184	3.267488	0.334740	3.401371	0.297900
185	3.265407	0.329900	3.370943	0.316500
186	3.267818	0.330860	3.331983	0.333200
187	3.266445	0.326700	3.408061	0.321100
188	3.267550	0.336200	3.444987	0.310600
189	3.270797	0.329860	3.338954	0.319400
190	3.263003	0.332760	3.386416	0.334100
191	3.274511	0.325000	3.325187	0.324400
192	3.264887	0.330080	3.326126	0.315200
193	3.265916	0.331260	3.405151	0.315900
194	3.262934	0.329200	3.413214	0.319700
195	3.263888	0.333540	3.373131	0.332800
196	3.272540	0.334800	3.422994	0.324100
197	3.270117	0.337540	3.377289	0.300900
198	3.270742	0.322980	3.385580	0.331600
199	3.271288	0.337480	3.386242	0.325100
200	3.257405	0.334520	3.416424	0.321500
201	3.274055	0.330560	3.419149	0.320900
202	3.269317	0.337960	3.478611	0.316500
203	3.268992	0.326260	3.342925	0.319500
204	3.267683	0.327480	3.406091	0.309200
205	3.265444	0.320420	3.368701	0.303000
206	3.268796	0.318420	3.357006	0.323900
207	3.263361	0.329100	3.391987	0.332900
208	3.263127	0.331600	3.415040	0.322000
209	3.264814	0.325900	3.408788	0.324800
210	3.261323	0.336740	3.381991	0.330000
211	3.257095	0.337400	3.389960	0.314200
212	3.261444	0.332660	3.425235	0.316600
213	3.261159	0.331600	3.346371	0.328700
214	3.261451	0.331200	3.392638	0.320700
215	3.266738	0.335940	3.376237	0.314300
216	3.259845	0.337480	3.406377	0.329700
217	3.262868	0.328540	3.411502	0.310300
218	3.255145	0.335860	3.381389	0.331300
219	3.255432	0.334140	3.480677	0.318500
220	3.262593	0.331520	3.356565	0.323600
221	3.259222	0.340900	3.430488	0.325000
222	3.260557	0.332440	3.357370	0.324500
223	3.260338	0.335700	3.379022	0.329500
224	3.259528	0.332020	3.364182	0.304900
225	3.263281	0.328720	3.357238	0.321200
226	3.260091	0.332760	3.399711	0.318100
227	3.258462	0.330400	3.370422	0.312300
228	3.254129	0.333860	3.396867	0.325600
229	3.255749	0.333780	3.368129	0.310000
230	3.255352	0.336720	3.418267	0.320100
231	3.259433	0.322500	3.365520	0.312900
232	3.263517	0.328200	3.404916	0.323500
233	3.259906	0.334360	3.400419	0.304600
234	3.256466	0.336480	3.437379	0.311600
235	3.265803	0.330440	3.408725	0.331400
236	3.250317	0.338480	3.418849	0.328100
237	3.259658	0.340320	3.461405	0.313900
238	3.256717	0.335500	3.427597	0.306100
239	3.253972	0.338920	3.422515	0.334500
240	3.259198	0.335100	3.419463	0.319400
241	3.265701	0.334680	3.375117	0.309500
242	3.252998	0.340460	3.407203	0.327000
243	3.253237	0.333900	3.363810	0.324200
244	3.253709	0.331600	3.421690	0.310400
245	3.255321	0.332300	3.409212	0.312600
246	3.252478	0.334080	3.443461	0.331000
247	3.251960	0.330260	3.362720	0.326700
248	3.256521	0.333340	3.440462	0.306700
249	3.251760	0.339760	3.421592	0.324100
250	3.252258	0.334000	3.369982	0.322000
251	3.248994	0.329420	3.393456	0.329000
252	3.251122	0.333360	3.403345	0.338300
253	3.260247	0.334160	3.417149	0.305600
254	3.255421	0.337200	3.430994	0.324500
255	3.257514	0.333660	3.378306	0.323900
256	3.253602	0.333820	3.447185	0.316900
257	3.250332	0.339600	3.501640	0.318900
258	3.256749	0.326560	3.417776	0.305300
259	3.261457	0.323580	3.384944	0.323800
260	3.248328	0.336140	3.474551	0.324700
261	3.254352	0.336360	3.354117	0.320700
262	3.258482	0.331780	3.360694	0.326900
263	3.245392	0.337980	3.375293	0.316400
264	3.244766	0.339600	3.485573	0.338300
265	3.249177	0.334200	3.397269	0.312000
266	3.252865	0.339640	3.462459	0.330200
267	3.257828	0.328500	3.390179	0.327600
268	3.250131	0.338580	3.425648	0.334900
269	3.251310	0.335720	3.375463	0.321900
270	3.250305	0.331680	3.376330	0.312700
271	3.246953	0.336100	3.428803	0.317600
272	3.252572	0.329660	3.366941	0.306700
273	3.257045	0.327920	3.392039	0.316200
274	3.249384	0.335860	3.400801	0.321200
275	3.246790	0.343120	3.451583	0.329200
276	3.250315	0.331200	3.374741	0.320500
277	3.246474	0.339540	3.365854	0.329900
278	3.246297	0.342020	3.445913	0.325500
279	3.247352	0.344200	3.380871	0.334200
280	3.249330	0.339880	3.427162	0.329500
281	3.249548	0.344920	3.431065	0.329200
282	3.248116	0.343200	3.371135	0.318700
283	3.248351	0.338040	3.393212	0.334800
284	3.245264	0.345480	3.475203	0.315300
285	3.252339	0.343900	3.401830	0.339200
286	3.253186	0.334720	3.377863	0.319200
287	3.250986	0.334780	3.350808	0.334000
288	3.247428	0.342380	3.385067	0.338400
289	3.247625	0.329220	3.396435	0.306800
290	3.247032	0.333460	3.410833	0.325200
291	3.246900	0.339000	3.399932	0.336000
292	3.241669	0.345480	3.489602	0.328200
293	3.255236	0.335180	3.388394	0.331000
294	3.250158	0.337800	3.387399	0.325900
295	3.243191	0.332980	3.379611	0.323100
296	3.244048	0.337500	3.409498	0.324400
297	3.241132	0.341120	3.422001	0.307900
298	3.246204	0.336260	3.432317	0.318100
299	3.246076	0.332580	3.451866	0.323900
300	3.243067	0.344920	3.440579	0.308100
301	3.242952	0.337840	3.520524	0.326900
302	3.249722	0.334120	3.445891	0.329700
303	3.238251	0.342720	3.445627	0.305300
304	3.247673	0.343700	3.388899	0.315900
305	3.239671	0.333320	3.452524	0.305400
306	3.249155	0.327600	3.372842	0.309200
307	3.249949	0.333120	3.400576	0.321700
308	3.240760	0.342100	3.442847	0.333200
309	3.242677	0.339260	3.401991	0.329800
310	3.237515	0.334160	3.440767	0.328000
311	3.242164	0.338900	3.384341	0.299900
312	3.242268	0.329860	3.382557	0.327200
313	3.244452	0.336380	3.402396	0.332300
314	3.244706	0.337220	3.345892	0.317600
315	3.247117	0.336820	3.364194	0.328300
316	3.239621	0.341300	3.391246	0.331100
317	3.235059	0.344260	3.399929	0.335000
318	3.237258	0.343540	3.388320	0.328700
319	3.237814	0.345880	3.466628	0.324700
320	3.240709	0.333660	3.365001	0.331700
321	3.240086	0.333300	3.374299	0.331700
322	3.236680	0.342680	3.462917	0.336700
323	3.245040	0.337260	3.405207	0.335400
324	3.236202	0.345020	3.444678	0.319300
325	3.235129	0.345500	3.392460	0.338900
326	3.237946	0.342080	3.425147	0.337300
327	3.235593	0.339660	3.366318	0.338400
328	3.236276	0.343720	3.393346	0.327900
329	3.241860	0.335460	3.507074	0.303000
330	3.236464	0.340460	3.367071	0.320200
331	3.241010	0.333900	3.385574	0.322600
332	3.242977	0.339040	3.393233	0.324300
333	3.254626	0.314980	3.368082	0.325300
334	3.240447	0.340980	3.380915	0.320700
335	3.237461	0.335760	3.402707	0.324700
336	3.241020	0.343160	3.393580	0.336300
337	3.233526	0.340600	3.420605	0.332300
338	3.243105	0.337680	3.444777	0.306500
339	3.232761	0.345380	3.427577	0.336100
340	3.233503	0.344480	3.368854	0.330600
341	3.234906	0.342680	3.523068	0.298900
342	3.242516	0.328340	3.421357	0.335400
343	3.234925	0.345440	3.504689	0.342800
344	3.238098	0.338940	3.392156	0.314400
345	3.231205	0.344440	3.399220	0.325100
346	3.237308	0.334880	3.346415	0.318000
347	3.236644	0.339120	3.419699	0.330300
348	3.233468	0.343640	3.403468	0.339500
349	3.233021	0.346240	3.537595	0.334000
350	3.242756	0.341420	3.410564	0.312200
351	3.235209	0.339500	3.418620	0.335400
352	3.233098	0.332120	3.437884	0.307600
353	3.230975	0.336840	3.447906	0.331500
354	3.232188	0.340160	3.435504	0.319500
355	3.241271	0.332120	3.408860	0.312200
356	3.235786	0.339680	3.417318	0.323800
357	3.233749	0.341120	3.421323	0.323700
358	3.235399	0.339360	3.434288	0.332900
359	3.228148	0.344980	3.504196	0.329700
360	3.231105	0.345580	3.425194	0.328800
361	3.234462	0.344200	3.405672	0.331300
362	3.230827	0.343600	3.466018	0.332300
363	3.250024	0.314780	3.362940	0.316900
364	3.237525	0.332040	3.344345	0.320800
365	3.227208	0.339460	3.431209	0.310600
366	3.228585	0.343380	3.479890	0.310800
367	3.231747	0.338500	3.413628	0.335400
368	3.229835	0.343420	3.465482	0.310700
369	3.229943	0.344020	3.456503	0.336300
370	3.232898	0.339480	3.361479	0.318200
371	3.224112	0.344000	3.432497	0.338700
372	3.225419	0.347360	3.420278	0.333900
373	3.224963	0.340960	3.480959	0.327300
374	3.233524	0.335900	3.393251	0.323600
375	3.231547	0.338520	3.366291	0.316000
376	3.228923	0.343000	3.479560	0.337100
377	3.230489	0.338260	3.401174	0.317600
378	3.246715	0.332680	3.358453	0.326400
379	3.233712	0.345880	3.421044	0.315800
380	3.223500	0.345540	3.451436	0.309100
381	3.240254	0.330580	3.427297	0.332700
382	3.228560	0.341940	3.459610	0.310800
383	3.229419	0.341420	3.419679	0.329900
384	3.220766	0.346200	3.447042	0.335700
385	3.233092	0.341980	3.386896	0.337500
386	3.231455	0.343780	3.396187	0.332600
387	3.232287	0.341620	3.404546	0.331400
388	3.228107	0.341880	3.486286	0.315900
389	3.237483	0.339240	3.415774	0.338700
390	3.225045	0.346200	3.450415	0.332200
391	3.227542	0.346960	3.385022	0.325000
392	3.227857	0.340980	3.376907	0.323300
393	3.225929	0.343360	3.424497	0.324700
394	3.231438	0.336400	3.394196	0.326900
395	3.225236	0.345280	3.429568	0.338700
396	3.224126	0.346880	3.438972	0.323200
397	3.229958	0.347140	3.418052	0.339400
398	3.228599	0.335240	3.522259	0.337200
399	3.243283	0.330480	3.404319	0.327500
400	3.221633	0.341600	3.426272	0.336400
401	3.222810	0.345760	3.453592	0.336000
402	3.228953	0.344580	3.378970	0.339400
403	3.221322	0.344880	3.429109	0.308000
404	3.222207	0.344960	3.472643	0.338800
405	3.230797	0.333080	3.371132	0.331000
406	3.218166	0.347240	3.410833	0.328800
407	3.229787	0.337680	3.497641	0.299300
408	3.230262	0.343080	3.459792	0.331600
409	3.223087	0.348200	3.405598	0.331100
410	3.226553	0.339960	3.444841	0.314900
411	3.225883	0.343740	3.381532	0.338800
412	3.221405	0.348900	3.469147	0.331300
413	3.218862	0.346420	3.484971	0.317600
414	3.229839	0.343300	3.390991	0.334700
415	3.226161	0.335780	3.413273	0.327300
416	3.224486	0.339400	3.413487	0.331500
417	3.225080	0.341400	3.466516	0.337000
418	3.229426	0.334000	3.404360	0.303400
419	3.228183	0.336820	3.369353	0.334000
420	3.223812	0.345780	3.379214	0.333300
421	3.225541	0.331640	3.476679	0.334700
422	3.229965	0.344400	3.442359	0.338300
423	3.224784	0.345460	3.464085	0.338400
424	3.227033	0.347560	3.469409	0.334400
425	3.232671	0.328460	3.426289	0.331800
426	3.226746	0.343960	3.365700	0.323300
427	3.230320	0.337460	3.398541	0.331900
428	3.225175	0.345540	3.433296	0.313900
429	3.221220	0.340620	3.451487	0.333300
430	3.219166	0.347580	3.529785	0.339500
431	3.230322	0.348280	3.407363	0.335300
432	3.225448	0.343900	3.458270	0.333600
433	3.233080	0.331800	3.372850	0.318100
434	3.224899	0.341740	3.400861	0.310300
435	3.227292	0.336840	3.423879	0.328900
436	3.218943	0.342940	3.469716	0.315300
437	3.223783	0.345020	3.437436	0.310300
438	3.220990	0.343580	3.467120	0.331300
439	3.223088	0.344600	3.359973	0.323200
440	3.231308	0.334200	3.389854	0.327700
441	3.219327	0.343460	3.395719	0.341100
442	3.217356	0.339940	3.414635	0.333000
443	3.215926	0.342580	3.410487	0.319100
444	3.227658	0.335460	3.397642	0.334000
445	3.216520	0.342840	3.437821	0.324600
446	3.216236	0.343020	3.383652	0.343200
447	3.220931	0.341520	3.430398	0.340600
448	3.216884	0.343440	3.441168	0.317000
449	3.215842	0.346020	3.524522	0.302800
450	3.219330	0.342760	3.408379	0.305700
451	3.231688	0.324620	3.417954	0.305800
452	3.233794	0.331040	3.475672	0.314200
453	3.227930	0.333220	3.474042	0.315600
454	3.218269	0.347000	3.424343	0.334500
455	3.219508	0.342920	3.367184	0.335700
456	3.218386	0.337980	3.466219	0.344300
457	3.218198	0.346860	3.385876	0.334800
458	3.215460	0.340140	3.363312	0.326600
459	3.210124	0.345100	3.534684	0.337600
460	3.221921	0.343180	3.395819	0.334000
461	3.216365	0.343560	3.437970	0.327600
462	3.216483	0.345260	3.397601	0.336500
463	3.215001	0.347900	3.384394	0.331200
464	3.216286	0.345060	3.387616	0.328800
465	3.220362	0.347580	3.407709	0.337500
466	3.211102	0.345920	3.503875	0.325700
467	3.220512	0.347260	3.381863	0.342700
468	3.211943	0.342920	3.473486	0.279300
469	3.222226	0.329920	3.420779	0.341900
470	3.226221	0.344160	3.392547	0.329600
471	3.225575	0.341000	3.392710	0.336800
472	3.216261	0.349260	3.471105	0.323100
473	3.218943	0.341200	3.381341	0.337500
474	3.226542	0.334880	3.382409	0.325700
475	3.218739	0.341440	3.461237	0.335200
476	3.212197	0.350480	3.423636	0.321700
477	3.213777	0.350520	3.365568	0.326000
478	3.217327	0.340280	3.468832	0.315900
479	3.218851	0.347000	3.441950	0.345600
480	3.215061	0.342300	3.427662	0.328700
481	3.213813	0.349600	3.457395	0.332700
482	3.219338	0.345440	3.390116	0.329100
483	3.217418	0.344980	3.455429	0.334500
484	3.213599	0.345020	3.368936	0.335300
485	3.212088	0.350400	3.525944	0.325300
486	3.216690	0.340440	3.385376	0.328100
487	3.214473	0.346060	3.518693	0.338600
488	3.216115	0.348560	3.368168	0.327400
489	3.211482	0.345000	3.409643	0.333700
490	3.209335	0.347140	3.501306	0.336900
491	3.210355	0.348660	3.415518	0.332800
492	3.211348	0.348800	3.420988	0.326000
493	3.209959	0.346920	3.415518	0.314200
494	3.231796	0.324040	3.358540	0.313800
495	3.216226	0.344460	3.397143	0.340300
496	3.213718	0.349400	3.370936	0.327400
497	3.222862	0.334880	3.421600	0.333300
498	3.210208	0.349100	3.469007	0.337300
499	3.223691	0.332680	3.409486	0.321600
500	3.215020	0.341600	3.434142	0.335300
501	3.209761	0.350540	3.515456	0.339700
502	3.217186	0.342380	3.407104	0.340200
503	3.210424	0.347020	3.544215	0.313800
504	3.212520	0.345560	3.432915	0.327300
505	3.205804	0.351820	3.442806	0.333600
506	3.208707	0.348720	3.502949	0.334100
507	3.212092	0.343240	3.492566	0.338100
508	3.205780	0.346260	3.412115	0.338400
509	3.208177	0.348960	3.356846	0.336100
510	3.204562	0.353380	3.482141	0.332700
511	3.210629	0.346760	3.460879	0.325100
512	3.213525	0.344500	3.444452	0.303300
513	3.209044	0.345540	3.409056	0.338600
514	3.207114	0.351180	3.427621	0.325500
515	3.220466	0.337620	3.452033	0.331900
516	3.214304	0.337900	3.410432	0.315200
517	3.220720	0.337740	3.422334	0.333500
518	3.212690	0.347920	3.434254	0.313600
519	3.213547	0.343300	3.390785	0.325500
520	3.219606	0.332800	3.347738	0.325200
521	3.215240	0.341140	3.406442	0.314300
522	3.217721	0.337620	3.425273	0.325500
523	3.208018	0.351080	3.485360	0.335000
524	3.206131	0.346960	3.453832	0.329200
525	3.210452	0.344700	3.436401	0.326000
526	3.206672	0.348380	3.470083	0.300900
527	3.226026	0.329600	3.346835	0.321700
528	3.221583	0.343140	3.344760	0.334900
529	3.210839	0.348400	3.456706	0.324200
530	3.203555	0.348840	3.455924	0.340000
531	3.209524	0.345000	3.481352	0.325500
532	3.201456	0.349200	3.423434	0.315000
533	3.220908	0.339880	3.416810	0.329800
534	3.208981	0.347500	3.426464	0.333500
535	3.207574	0.348960	3.414413	0.327800
536	3.204247	0.350220	3.532545	0.336600
537	3.212287	0.347480	3.389612	0.342100
538	3.213939	0.337060	3.398351	0.336500
539	3.210404	0.349820	3.466485	0.335400
540	3.211612	0.342480	3.384361	0.322300
541	3.219865	0.337040	3.409196	0.334300
542	3.208784	0.351020	3.471418	0.334600
543	3.209826	0.338240	3.398182	0.329400
544	3.210595	0.350060	3.401769	0.332500
545	3.213568	0.336600	3.404877	0.304900
546	3.218388	0.339980	3.416364	0.332700
547	3.207293	0.348320	3.455310	0.340600
548	3.212344	0.341780	3.361178	0.343500
549	3.210519	0.349840	3.433714	0.319600
550	3.203547	0.348220	3.463994	0.313900
551	3.224750	0.337800	3.410220	0.327000
552	3.200611	0.351040	3.459183	0.338800
553	3.207142	0.348800	3.453668	0.336300
554	3.207957	0.347760	3.499107	0.317700
555	3.210645	0.349980	3.441680	0.327100
556	3.229098	0.313260	3.415296	0.317500
557	3.204432	0.349180	3.377889	0.323300
558	3.211690	0.336740	3.428080	0.327900
559	3.210989	0.349520	3.512499	0.335300
560	3.206642	0.350640	3.506789	0.338300
561	3.209439	0.348760	3.454514	0.338700
562	3.204164	0.346680	3.387068	0.335000
563	3.209378	0.348180	3.476039	0.339200
564	3.207424	0.346140	3.469541	0.333600
565	3.209456	0.341980	3.389145	0.324500
566	3.213115	0.347440	3.458466	0.337300
567	3.198939	0.353400	3.478186	0.337600
568	3.205420	0.347860	3.389629	0.342600
569	3.208167	0.343460	3.434933	0.314500
570	3.208110	0.346660	3.425367	0.316100
571	3.219022	0.334000	3.401339	0.336500
572	3.207366	0.350000	3.414454	0.331000
573	3.202450	0.347300	3.408415	0.329400
574	3.201775	0.349160	3.451331	0.342700
575	3.203600	0.345000	3.534623	0.335900
576	3.208144	0.345760	3.480820	0.326100
577	3.208441	0.345680	3.513220	0.327400
578	3.208024	0.349360	3.446023	0.336700
579	3.211672	0.340000	3.385180	0.319900
580	3.202016	0.347240	3.430001	0.326900
581	3.196668	0.352200	3.539882	0.335300
582	3.209658	0.348640	3.459217	0.330700
583	3.199815	0.351060	3.549981	0.316300
584	3.203230	0.348160	3.471409	0.332400
585	3.208740	0.346560	3.423512	0.339900
586	3.198409	0.351800	3.483517	0.326400
587	3.206265	0.343800	3.409577	0.332900
588	3.198662	0.350460	3.519817	0.323300
589	3.203863	0.350020	3.446412	0.324500
590	3.197488	0.349100	3.547469	0.338400
591	3.207156	0.346840	3.417897	0.319900
592	3.199836	0.350920	3.439503	0.306700
593	3.210362	0.338280	3.465410	0.319300
594	3.211101	0.340900	3.447679	0.332900
595	3.206817	0.347320	3.431532	0.333100
596	3.196131	0.351820	3.472503	0.338000
597	3.204278	0.347920	3.480626	0.327300
598	3.205295	0.344200	3.462040	0.341100
599	3.197520	0.352800	3.539029	0.337300
600	3.202172	0.349060	3.440896	0.345300
601	3.199977	0.351920	3.396222	0.338800
602	3.195909	0.351460	3.475441	0.340600
603	3.197200	0.351820	3.459943	0.319600
604	3.206035	0.341000	3.409905	0.333900
605	3.200894	0.349180	3.468246	0.331900
606	3.212323	0.332620	3.411895	0.323200
607	3.207956	0.349520	3.419773	0.335000
608	3.194289	0.350520	3.487049	0.334100
609	3.194771	0.352920	3.476448	0.313300
610	3.207890	0.347340	3.408966	0.326500
611	3.196419	0.349120	3.512902	0.333600
612	3.203932	0.349260	3.412346	0.329900
613	3.206674	0.346660	3.437207	0.335400
614	3.194119	0.349140	3.443971	0.331200
615	3.193542	0.354500	3.469441	0.334300
616	3.203122	0.351120	3.464125	0.340100
617	3.200697	0.351940	3.400491	0.327300
618	3.194893	0.351420	3.522172	0.328400
619	3.196360	0.347760	3.480980	0.333800
620	3.195230	0.351180	3.403670	0.317500
621	3.217271	0.338860	3.399058	0.315400
622	3.213716	0.337620	3.396745	0.321800
623	3.213069	0.344660	3.405536	0.331300
624	3.202949	0.352240	3.419636	0.339000
625	3.196122	0.348020	3.459079	0.339500
626	3.193621	0.351620	3.423966	0.328900
627	3.228648	0.311340	3.407321	0.334600
628	3.201898	0.353440	3.442093	0.324500
629	3.200155	0.343220	3.455118	0.315000
630	3.199359	0.352040	3.509776	0.333500
631	3.195768	0.352680	3.530449	0.310500
632	3.211489	0.333300	3.431575	0.320700
633	3.203788	0.343660	3.478138	0.328900
634	3.201359	0.354240	3.390278	0.342000
635	3.194986	0.354060	3.466828	0.331500
636	3.198792	0.352160	3.516143	0.338400
637	3.195344	0.355400	3.462300	0.334000
638	3.199018	0.348420	3.435935	0.334000
639	3.199182	0.351140	3.508052	0.329200
640	3.193010	0.355040	3.430005	0.338400
641	3.198951	0.349100	3.450797	0.313200
642	3.197657	0.351220	3.454607	0.337400
643	3.198209	0.347360	3.444791	0.335600
644	3.205978	0.352400	3.454530	0.338900
645	3.192498	0.348080	3.456227	0.341500
646	3.194171	0.351780	3.447773	0.327900
647	3.200412	0.349140	3.371655	0.324900
648	3.198838	0.349900	3.385240	0.317500
649	3.192815	0.347520	3.499144	0.340100
650	3.202191	0.346660	3.397149	0.329900
651	3.197013	0.346900	3.475160	0.306700
652	3.205044	0.328160	3.402980	0.287300
653	3.217164	0.331020	3.409802	0.341800
654	3.189987	0.355300	3.507192	0.315700
655	3.193481	0.352600	3.480747	0.327000
656	3.203450	0.345460	3.476159	0.335000
657	3.195130	0.348860	3.464743	0.329400
658	3.191013	0.352220	3.449014	0.321600
659	3.193051	0.349000	3.513768	0.326300
660	3.196451	0.351680	3.469298	0.326500
661	3.192863	0.351240	3.528205	0.332100
662	3.192003	0.352020	3.496976	0.323800
663	3.193039	0.351580	3.549984	0.337100
664	3.200843	0.350320	3.439744	0.328200
665	3.197955	0.350080	3.422556	0.343600
666	3.193013	0.349260	3.447030	0.338800
667	3.201966	0.345480	3.420175	0.325100
668	3.189537	0.354020	3.466757	0.341800
669	3.189360	0.351100	3.471085	0.328300
670	3.197160	0.348600	3.396104	0.346500
671	3.196863	0.352600	3.447365	0.336200
672	3.194365	0.352400	3.449078	0.341600
673	3.187993	0.352540	3.460090	0.326700
674	3.193609	0.353100	3.505479	0.334200
675	3.184720	0.354540	3.520268	0.301900
676	3.197724	0.349740	3.422575	0.341900
677	3.199125	0.338460	3.390334	0.331200
678	3.199780	0.343700	3.385981	0.335900
679	3.185710	0.354300	3.464751	0.343800
680	3.192526	0.349520	3.415306	0.323000
681	3.196304	0.343480	3.461824	0.334100
682	3.190676	0.353040	3.447321	0.317900
683	3.192732	0.352340	3.455145	0.319300
684	3.194302	0.351560	3.532425	0.336100
685	3.202604	0.343140	3.385125	0.332000
686	3.190851	0.352860	3.483130	0.338700
687	3.192396	0.352720	3.493560	0.340300
688	3.196298	0.352040	3.500675	0.338300
689	3.200759	0.340240	3.455136	0.338700
690	3.187130	0.353640	3.439345	0.325700
691	3.194188	0.349060	3.437233	0.315700
692	3.194486	0.341820	3.448071	0.321300
693	3.199886	0.350700	3.484931	0.323700
694	3.190348	0.348260	3.421731	0.332700
695	3.192912	0.352240	3.447669	0.337100
696	3.197899	0.344100	3.452195	0.321500
697	3.192023	0.351220	3.461938	0.328300
698	3.185375	0.352820	3.536973	0.336600
699	3.196123	0.350560	3.451890	0.335900
700	3.191290	0.349720	3.414608	0.343700
701	3.185443	0.349660	3.520048	0.323500
702	3.190756	0.351760	3.434079	0.338700
703	3.187741	0.351300	3.487984	0.328600
704	3.193884	0.351720	3.420470	0.338500
705	3.189946	0.351200	3.410254	0.339800
706	3.187671	0.353500	3.491288	0.327000
707	3.188651	0.353100	3.471098	0.329300
708	3.190949	0.350040	3.447522	0.336700
709	3.187759	0.349640	3.438353	0.332700
710	3.198637	0.345280	3.445799	0.330700
711	3.198298	0.343960	3.382144	0.337700
712	3.194664	0.353880	3.460841	0.327700
713	3.199451	0.351360	3.496621	0.329000
714	3.201748	0.335920	3.509357	0.327400
715	3.197462	0.340560	3.474462	0.307700
716	3.194541	0.350400	3.513532	0.328500
717	3.188099	0.354960	3.564285	0.327300
718	3.187844	0.354420	3.457816	0.337600
719	3.188286	0.348940	3.392709	0.333100
720	3.186540	0.352660	3.484292	0.341700
721	3.197810	0.341660	3.374625	0.323300
722	3.195295	0.349860	3.524674	0.338100
723	3.185317	0.352160	3.435570	0.330700
724	3.192841	0.351180	3.388509	0.326500
725	3.202534	0.336380	3.481399	0.314900
726	3.194452	0.344960	3.398896	0.333800
727	3.183967	0.353120	3.518082	0.345000
728	3.199936	0.348600	3.530815	0.341400
729	3.187766	0.354740	3.533440	0.334800
730	3.190143	0.351760	3.517579	0.340700
731	3.190208	0.352180	3.457566	0.342200
732	3.197869	0.349140	3.414283	0.333100
733	3.181984	0.356080	3.466587	0.336700
734	3.193684	0.352600	3.517567	0.339700
735	3.192223	0.350340	3.493404	0.320600
736	3.201205	0.340480	3.373221	0.333400
737	3.190260	0.353140	3.503538	0.337900
738	3.184419	0.353000	3.446415	0.334200
739	3.186030	0.354340	3.584689	0.328800
740	3.191622	0.352680	3.402455	0.321100
741	3.191616	0.350160	3.499609	0.343200
742	3.188669	0.353640	3.534337	0.341800
743	3.186290	0.348640	3.421026	0.338700
744	3.187547	0.348400	3.422524	0.326200
745	3.189403	0.354400	3.451046	0.330500
746	3.188978	0.351220	3.532774	0.341300
747	3.189342	0.346180	3.483481	0.306300
748	3.198398	0.348640	3.460255	0.339200
749	3.187092	0.354860	3.473001	0.333000
750	3.193497	0.345800	3.423777	0.327200
751	3.193175	0.349840	3.438572	0.328300
752	3.188327	0.351720	3.474710	0.337100
753	3.186763	0.351500	3.463244	0.332200
754	3.191891	0.342560	3.490727	0.316200
755	3.203125	0.342500	3.429728	0.329900
756	3.190205	0.347100	3.465798	0.322200
757	3.190260	0.351040	3.465680	0.329900
758	3.187934	0.354400	3.428937	0.334000
759	3.192803	0.337180	3.491183	0.313800
760	3.189180	0.350500	3.478870	0.327400
761	3.188213	0.352640	3.411620	0.340000
762	3.193867	0.352720	3.470086	0.331400
763	3.184437	0.353380	3.473898	0.331300
764	3.183263	0.357680	3.423401	0.338700
765	3.185950	0.350160	3.552171	0.308900
766	3.187175	0.350880	3.450836	0.336200
767	3.189297	0.352760	3.458843	0.325300
768	3.185658	0.355960	3.498896	0.336500
769	3.187692	0.347460	3.419000	0.331000
770	3.192892	0.353200	3.483919	0.321700
771	3.180386	0.349240	3.547399	0.330500
772	3.190108	0.354340	3.368346	0.324600
773	3.194454	0.345860	3.415391	0.331200
774	3.190590	0.353120	3.435196	0.328900
775	3.183622	0.347800	3.446968	0.340800
776	3.184026	0.348100	3.471027	0.328900
777	3.182821	0.347800	3.514610	0.323500
778	3.182988	0.350640	3.452999	0.328200
779	3.188966	0.350920	3.431975	0.331800
780	3.178587	0.353100	3.552184	0.340500
781	3.183401	0.354860	3.466687	0.326500
782	3.184739	0.355000	3.541419	0.332500
783	3.185870	0.350700	3.491979	0.322300
784	3.183455	0.350860	3.515113	0.344000
785	3.181023	0.351880	3.445555	0.323000
786	3.183138	0.353800	3.413078	0.335500
787	3.184667	0.343880	3.466269	0.334300
788	3.181879	0.354020	3.503080	0.340200
789	3.184527	0.354500	3.504729	0.339500
790	3.195240	0.344240	3.498728	0.329600
791	3.183967	0.351100	3.447423	0.325300
792	3.180909	0.352560	3.395655	0.317300
793	3.189110	0.345760	3.425532	0.331800
794	3.184980	0.355880	3.459826	0.338400
795	3.177216	0.357100	3.465981	0.347600
796	3.183543	0.354700	3.520616	0.323300
797	3.183024	0.353940	3.461000	0.334600
798	3.182994	0.356840	3.496524	0.341900
799	3.183936	0.353500	3.456881	0.336600
800	3.185342	0.349880	3.459428	0.338100
801	3.184106	0.355920	3.447696	0.322800
802	3.179607	0.351760	3.420662	0.312800
803	3.174026	0.353320	3.503968	0.341400
804	3.188014	0.355980	3.474527	0.343000
805	3.184565	0.347800	3.521459	0.329600
806	3.181689	0.352580	3.466974	0.318400
807	3.178908	0.355180	3.504428	0.344300
808	3.181081	0.351620	3.500881	0.333900
809	3.184513	0.352980	3.536887	0.325100
810	3.182885	0.353700	3.480252	0.322300
811	3.182623	0.352700	3.581565	0.330600
812	3.182854	0.350380	3.504964	0.339800
813	3.181851	0.353280	3.467342	0.336100
814	3.180595	0.353920	3.541379	0.340400
815	3.186912	0.352420	3.460530	0.337500
816	3.185008	0.351140	3.384447	0.325700
817	3.179387	0.352360	3.465080	0.337500
818	3.182006	0.354180	3.459339	0.332300
819	3.187772	0.349960	3.497522	0.322600
820	3.189895	0.349020	3.460973	0.338700
821	3.182601	0.345520	3.433779	0.300400
822	3.179545	0.349600	3.547592	0.338500
823	3.179680	0.354380	3.550996	0.341500
824	3.186364	0.350900	3.502013	0.323700
825	3.187507	0.346200	3.542434	0.334100
826	3.184922	0.349960	3.457951	0.338400
827	3.182224	0.350020	3.431355	0.328500
828	3.179369	0.354760	3.477160	0.336900
829	3.181347	0.349960	3.577695	0.324000
830	3.177833	0.355560	3.407964	0.329500
831	3.192497	0.343460	3.468993	0.338400
832	3.181424	0.352640	3.485062	0.287200
833	3.195304	0.336220	3.468735	0.327800
834	3.184804	0.352400	3.422126	0.327400
835	3.184320	0.350260	3.357817	0.342200
836	3.187545	0.346920	3.478760	0.321300
837	3.188466	0.350840	3.348191	0.340600
838	3.179453	0.356800	3.440467	0.324100
839	3.186941	0.341800	3.428064	0.329600
840	3.185322	0.352120	3.527684	0.333100
841	3.179315	0.354900	3.532659	0.329800
842	3.178808	0.353860	3.461635	0.333100
843	3.179329	0.354880	3.527394	0.311300
844	3.178697	0.353020	3.447126	0.345800
845	3.180622	0.353340	3.488400	0.312600
846	3.190010	0.340860	3.431991	0.340700
847	3.183409	0.352600	3.441181	0.334700
848	3.177963	0.357740	3.486692	0.328900
849	3.183551	0.347460	3.490356	0.336400
850	3.180201	0.352440	3.501020	0.329900
851	3.182095	0.350640	3.515557	0.338200
852	3.179637	0.351700	3.460604	0.332800
853	3.180641	0.355520	3.486517	0.324000
854	3.184327	0.348160	3.484800	0.327900
855	3.196164	0.340540	3.446677	0.329700
856	3.183484	0.354020	3.474829	0.341500
857	3.172684	0.357000	3.514866	0.330200
858	3.177291	0.356220	3.441791	0.337300
859	3.173520	0.355140	3.484783	0.330200
860	3.175687	0.354320	3.498329	0.336400
861	3.180582	0.354000	3.517294	0.330800
862	3.176767	0.352820	3.475843	0.342100
863	3.182133	0.353900	3.503278	0.334900
864	3.182809	0.353020	3.474119	0.341600
865	3.176161	0.356640	3.606067	0.341200
866	3.184642	0.357320	3.561589	0.335400
867	3.177911	0.351600	3.485088	0.339300
868	3.182191	0.355780	3.468775	0.329800
869	3.179387	0.357820	3.456432	0.339400
870	3.180885	0.354900	3.494293	0.330400
871	3.179473	0.353060	3.498799	0.339000
872	3.173246	0.356360	3.579567	0.336700
873	3.178049	0.356820	3.515086	0.326000
874	3.183466	0.350300	3.457441	0.340200
875	3.176457	0.358820	3.490513	0.328200
876	3.172900	0.354440	3.418056	0.335800
877	3.174529	0.354940	3.502596	0.341500
878	3.177113	0.353600	3.462694	0.320800
879	3.180588	0.354080	3.512219	0.334000
880	3.174872	0.353300	3.451563	0.337700
881	3.175203	0.356180	3.456377	0.336900
882	3.179099	0.349940	3.428526	0.340100
883	3.171986	0.353440	3.511419	0.320300
884	3.178992	0.356380	3.477217	0.342300
885	3.174921	0.356240	3.408455	0.337100
886	3.174519	0.352200	3.551152	0.342200
887	3.176099	0.354240	3.441341	0.335700
888	3.172639	0.353920	3.474221	0.320900
889	3.177132	0.353480	3.405790	0.329600
890	3.173058	0.355920	3.496632	0.335200
891	3.174942	0.358120	3.533495	0.320900
892	3.180724	0.350240	3.511920	0.306200
893	3.187414	0.345420	3.484928	0.339600
894	3.172095	0.356340	3.477255	0.321500
895	3.174630	0.356400	3.429040	0.337600
896	3.177855	0.352160	3.560978	0.336700
897	3.181150	0.346160	3.508631	0.314100
898	3.187941	0.350140	3.511565	0.329600
899	3.180574	0.357140	3.548831	0.343300
900	3.181151	0.352380	3.507800	0.324900
901	3.171991	0.354940	3.553193	0.325600
902	3.179000	0.355820	3.464897	0.336700
903	3.178410	0.355400	3.432704	0.332900
904	3.187184	0.345880	3.518131	0.322800
905	3.180674	0.355160	3.427100	0.327800
906	3.181223	0.354520	3.495787	0.327700
907	3.173639	0.355920	3.519034	0.336000
908	3.171270	0.353040	3.453910	0.319400
909	3.178214	0.356700	3.516885	0.327300
910	3.173844	0.356760	3.498403	0.337200
911	3.182558	0.348920	3.502628	0.316200
912	3.181361	0.354960	3.495278	0.338800
913	3.179156	0.353660	3.456275	0.327900
914	3.175024	0.359760	3.530578	0.314000
915	3.183788	0.350900	3.450309	0.330900
916	3.174382	0.354960	3.486903	0.335800
917	3.173072	0.356440	3.485424	0.338300
918	3.176711	0.351100	3.561528	0.335900
919	3.174797	0.354280	3.457767	0.343900
920	3.175063	0.354080	3.540388	0.335500
921	3.176681	0.349720	3.472780	0.327100
922	3.168833	0.359080	3.480631	0.340100
923	3.178444	0.344420	3.469278	0.332700
924	3.178027	0.353680	3.445625	0.320600
925	3.179121	0.346680	3.503056	0.333800
926	3.172045	0.357020	3.458092	0.330900
927	3.176973	0.356960	3.526392	0.338400
928	3.177010	0.352340	3.502276	0.342000
929	3.179944	0.350880	3.453392	0.322500
930	3.176919	0.355860	3.396483	0.333800
931	3.171538	0.354440	3.462492	0.339600
932	3.185703	0.335700	3.498184	0.330600
933	3.180651	0.350380	3.539372	0.341000
934	3.173840	0.359940	3.532434	0.334000
935	3.174519	0.354440	3.504038	0.336700
936	3.174706	0.354000	3.499596	0.342500
937	3.177631	0.354220	3.486194	0.337900
938	3.167740	0.357340	3.483321	0.324900
939	3.174980	0.350560	3.537898	0.341600
940	3.175436	0.353340	3.491494	0.343200
941	3.174733	0.351980	3.492797	0.338600
942	3.173732	0.358000	3.500718	0.337400
943	3.169642	0.353420	3.410086	0.329500
944	3.170944	0.355620	3.540132	0.334600
945	3.171841	0.353640	3.541577	0.339900
946	3.174512	0.356500	3.489791	0.326200
947	3.166635	0.356560	3.593333	0.330000
948	3.181328	0.355400	3.481403	0.331800
949	3.171063	0.355240	3.395565	0.326900
950	3.176909	0.353720	3.472913	0.336600
951	3.169393	0.357320	3.556943	0.315800
952	3.176397	0.354360	3.547512	0.338000
953	3.186769	0.341200	3.386351	0.327000
954	3.181489	0.350560	3.467657	0.342500
955	3.172787	0.355340	3.550534	0.344600
956	3.169190	0.358600	3.534085	0.337600
957	3.175616	0.357060	3.459636	0.342500
958	3.177089	0.358300	3.455333	0.329400
959	3.174477	0.356920	3.435866	0.339000
960	3.174392	0.355280	3.550301	0.343900
961	3.172920	0.353500	3.493569	0.323700
962	3.178560	0.354540	3.426938	0.330100
963	3.183540	0.344180	3.429671	0.326300
964	3.177543	0.356580	3.471053	0.315600
965	3.172888	0.351620	3.464314	0.344300
966	3.181688	0.353760	3.452484	0.340100
967	3.175481	0.348800	3.413820	0.315100
968	3.182367	0.348720	3.464297	0.329500
969	3.171123	0.358400	3.472694	0.323700
970	3.176796	0.346420	3.464725	0.328100
971	3.172257	0.356060	3.459484	0.333000
972	3.165976	0.362000	3.551767	0.327100
973	3.171758	0.357240	3.592814	0.333800
974	3.172745	0.353440	3.547956	0.324400
975	3.178939	0.350080	3.474663	0.334600
976	3.169998	0.355980	3.400454	0.332300
977	3.168695	0.355260	3.578847	0.348700
978	3.194657	0.345080	3.428198	0.325500
979	3.180268	0.358960	3.504226	0.343500
980	3.166616	0.356240	3.452906	0.330500
981	3.168670	0.355620	3.498133	0.332200
982	3.177356	0.353420	3.513316	0.331400
983	3.172243	0.354560	3.503721	0.334100
984	3.181183	0.353660	3.502573	0.338600
985	3.169709	0.357280	3.576474	0.338200
986	3.171555	0.357340	3.580834	0.322600
987	3.170159	0.356260	3.565113	0.346100
988	3.166353	0.357740	3.449929	0.335200
989	3.174330	0.353460	3.438617	0.329100
990	3.182086	0.347620	3.455093	0.330300
991	3.166499	0.354280	3.522635	0.344100
992	3.167542	0.357020	3.445614	0.336200
993	3.172200	0.357660	3.538165	0.339200
994	3.170681	0.353960	3.453080	0.334100
995	3.175645	0.355200	3.454495	0.338300
996	3.171315	0.360140	3.475602	0.338700
997	3.167438	0.355300	3.588862	0.306700
998	3.173738	0.352940	3.544291	0.331800
999	3.170426	0.357920	3.554980	0.325900
