epoch	loss	acc	val_loss	val_acc
0	4.426986	0.155200	2.222205	0.199600
1	2.116384	0.220480	1.999295	0.285000
2	1.984759	0.285280	1.930051	0.312800
3	1.922161	0.317840	1.879010	0.343500
4	1.880525	0.333920	1.841193	0.359000
5	1.846816	0.349420	1.809347	0.373400
6	1.815816	0.360020	1.775750	0.379700
7	1.789809	0.370960	1.750597	0.391500
8	1.761098	0.381000	1.724640	0.390900
9	1.740609	0.385020	1.701092	0.406400
10	1.721706	0.395900	1.677843	0.412000
11	1.704286	0.400860	1.663658	0.414900
12	1.688665	0.406720	1.650826	0.417800
13	1.673063	0.411720	1.640747	0.425100
14	1.663369	0.417680	1.621311	0.426400
15	1.654084	0.420880	1.610045	0.430600
16	1.638758	0.425600	1.605965	0.433700
17	1.626195	0.429640	1.595161	0.438300
18	1.619655	0.431840	1.580060	0.441900
19	1.607900	0.435720	1.579256	0.449500
20	1.604844	0.437340	1.569287	0.443200
21	1.588490	0.444620	1.557037	0.452500
22	1.579572	0.446340	1.562782	0.450900
23	1.581039	0.445840	1.545158	0.460600
24	1.565882	0.448700	1.537157	0.461400
25	1.557112	0.454920	1.529755	0.464900
26	1.550182	0.455800	1.523711	0.466500
27	1.546653	0.456600	1.517927	0.469900
28	1.541312	0.459560	1.519703	0.467600
29	1.532899	0.463840	1.523504	0.464400
30	1.528112	0.465580	1.503696	0.472600
31	1.513608	0.469220	1.495051	0.474800
32	1.510178	0.471140	1.501560	0.473400
33	1.510030	0.471560	1.492522	0.476700
34	1.503206	0.473340	1.492464	0.474500
35	1.501745	0.473740	1.491042	0.477700
36	1.496652	0.477200	1.476073	0.478700
37	1.486291	0.479540	1.471978	0.487600
38	1.478214	0.485160	1.480119	0.482200
39	1.480805	0.480620	1.481999	0.476200
40	1.473495	0.482880	1.462097	0.488800
41	1.464918	0.489940	1.469730	0.485200
42	1.464373	0.487180	1.471266	0.482600
43	1.461632	0.487660	1.454284	0.490000
44	1.451789	0.493520	1.452698	0.495100
45	1.450095	0.493120	1.447660	0.486700
46	1.441704	0.496300	1.449051	0.488600
47	1.441437	0.496980	1.442501	0.495600
48	1.433252	0.497740	1.453041	0.490700
49	1.429975	0.499680	1.444107	0.496100
50	1.437357	0.494900	1.435310	0.497000
51	1.422931	0.502520	1.455923	0.489700
52	1.430294	0.499460	1.430874	0.497500
53	1.410987	0.506880	1.429329	0.496300
54	1.415994	0.504080	1.422325	0.500400
55	1.408720	0.507460	1.428484	0.500700
56	1.400411	0.511180	1.442229	0.498200
57	1.400704	0.511280	1.429006	0.497400
58	1.400417	0.511200	1.433845	0.502300
59	1.395026	0.511400	1.415319	0.502600
60	1.387036	0.517280	1.407214	0.505300
61	1.382651	0.518420	1.408081	0.512400
62	1.379565	0.518740	1.417985	0.498800
63	1.375853	0.519100	1.410101	0.507100
64	1.372637	0.521640	1.405628	0.506100
65	1.369134	0.519900	1.404987	0.503400
66	1.366282	0.522000	1.408546	0.505500
67	1.373803	0.519720	1.419508	0.501000
68	1.365588	0.523660	1.399953	0.510700
69	1.357848	0.526420	1.405220	0.504800
70	1.349061	0.529080	1.404657	0.504700
71	1.349189	0.527580	1.400258	0.509900
72	1.348067	0.529400	1.401079	0.512000
73	1.346718	0.530980	1.395031	0.510600
74	1.342594	0.530440	1.391272	0.511900
75	1.336158	0.532580	1.386818	0.512500
76	1.330371	0.536100	1.385040	0.520000
77	1.333827	0.534780	1.396758	0.512300
78	1.327066	0.539620	1.399260	0.509500
79	1.326410	0.536920	1.390919	0.511700
80	1.324090	0.539520	1.385518	0.514200
81	1.318622	0.538840	1.385524	0.515500
82	1.312161	0.543120	1.373971	0.520700
83	1.304550	0.543660	1.391994	0.510400
84	1.302243	0.546520	1.379319	0.513600
85	1.300823	0.546360	1.385150	0.514400
86	1.303639	0.545260	1.376746	0.517700
87	1.295237	0.548060	1.379230	0.514600
88	1.294172	0.548720	1.380938	0.513800
89	1.291098	0.550180	1.364627	0.522900
90	1.289201	0.549800	1.396302	0.513800
91	1.293730	0.549620	1.375797	0.516100
92	1.290953	0.549280	1.382472	0.518200
93	1.285995	0.549240	1.375094	0.518100
94	1.287106	0.548720	1.381937	0.512500
95	1.281875	0.552940	1.381127	0.515500
96	1.281941	0.552280	1.372505	0.516600
97	1.271344	0.557480	1.381735	0.514300
98	1.264564	0.560220	1.370225	0.516900
99	1.264579	0.558300	1.366192	0.520900
100	1.262444	0.559980	1.367331	0.521800
101	1.258922	0.559280	1.371707	0.517700
102	1.253897	0.561500	1.363627	0.521100
103	1.253865	0.562580	1.386713	0.517100
104	1.253706	0.562880	1.360521	0.524400
105	1.246849	0.566880	1.359148	0.521200
106	1.253038	0.560640	1.378005	0.513000
107	1.256487	0.562160	1.377971	0.521500
108	1.260793	0.559820	1.364130	0.519900
109	1.240031	0.566980	1.348860	0.531300
110	1.236699	0.568060	1.350529	0.529000
111	1.239261	0.567320	1.359077	0.527000
112	1.237321	0.569500	1.374805	0.522900
113	1.239462	0.567220	1.357063	0.525000
114	1.227798	0.572040	1.373427	0.518300
115	1.228514	0.571300	1.373027	0.522200
116	1.225103	0.572920	1.369546	0.524500
117	1.224467	0.571540	1.353355	0.526500
118	1.223792	0.572620	1.355965	0.521700
119	1.221015	0.573240	1.375867	0.520200
120	1.225293	0.572940	1.358245	0.522300
121	1.216382	0.575820	1.363133	0.523300
122	1.219034	0.572720	1.379707	0.515600
123	1.214573	0.575240	1.361690	0.518000
124	1.210316	0.578380	1.353546	0.523800
125	1.195360	0.583200	1.351902	0.527100
126	1.194678	0.582900	1.342386	0.530200
127	1.197254	0.582860	1.353670	0.525300
128	1.212314	0.579900	1.354780	0.523200
129	1.201398	0.580420	1.350044	0.528700
130	1.191469	0.586580	1.350230	0.528100
131	1.187721	0.584680	1.369362	0.522400
132	1.194553	0.584360	1.363181	0.523500
133	1.188460	0.586840	1.376021	0.517500
134	1.192240	0.583920	1.378729	0.515000
135	1.179932	0.587680	1.355096	0.527900
136	1.178953	0.589620	1.364041	0.522600
137	1.182679	0.588300	1.366940	0.521400
138	1.182098	0.585060	1.358181	0.523900
139	1.171112	0.589340	1.363059	0.525200
140	1.165987	0.594240	1.352417	0.524700
141	1.168787	0.589280	1.372767	0.519700
142	1.170937	0.590980	1.360192	0.523800
143	1.160309	0.595780	1.356465	0.524900
144	1.167767	0.592620	1.362968	0.523800
145	1.168333	0.592660	1.375150	0.523100
146	1.162136	0.594400	1.340743	0.531700
147	1.145212	0.599960	1.362282	0.526700
148	1.158268	0.597060	1.356716	0.526700
149	1.158162	0.592800	1.369518	0.518800
150	1.156641	0.594900	1.367610	0.524200
151	1.150323	0.598360	1.354621	0.526500
152	1.147720	0.599580	1.351704	0.528400
153	1.149017	0.597840	1.356475	0.524600
154	1.141629	0.600620	1.374113	0.518400
155	1.141227	0.600660	1.355486	0.527500
156	1.146454	0.599680	1.356285	0.526800
157	1.134875	0.604280	1.351678	0.528000
158	1.126895	0.606040	1.347235	0.528700
159	1.130878	0.603120	1.348382	0.530100
160	1.126115	0.608760	1.377830	0.521000
161	1.129521	0.606100	1.358344	0.523300
162	1.119976	0.608080	1.363231	0.520500
163	1.125311	0.609040	1.367595	0.527500
164	1.116250	0.612440	1.361581	0.528100
165	1.122084	0.607460	1.348886	0.529400
166	1.117468	0.608260	1.355487	0.522900
167	1.113355	0.610940	1.369141	0.526100
168	1.123744	0.607380	1.374053	0.514400
169	1.120747	0.607100	1.362884	0.520800
170	1.109685	0.612860	1.363810	0.523200
171	1.110478	0.611520	1.352740	0.525700
172	1.109607	0.612400	1.353135	0.529700
173	1.098030	0.616180	1.357850	0.526000
174	1.107995	0.611240	1.379364	0.525300
175	1.105910	0.613400	1.358231	0.527100
176	1.100335	0.615400	1.373221	0.519600
177	1.095988	0.617160	1.370403	0.522200
178	1.102261	0.615220	1.357124	0.528800
179	1.094283	0.617120	1.376740	0.525600
180	1.084553	0.620000	1.371838	0.523900
181	1.093663	0.618800	1.368779	0.530800
182	1.093238	0.617000	1.361058	0.528800
183	1.087567	0.619100	1.356820	0.530800
184	1.089556	0.617980	1.363638	0.527600
185	1.083858	0.623660	1.361319	0.527300
186	1.071427	0.626100	1.372813	0.527500
187	1.077324	0.624460	1.369677	0.522800
188	1.077516	0.619700	1.394024	0.522000
189	1.081822	0.622160	1.384614	0.525200
190	1.080919	0.619480	1.364858	0.529900
191	1.076106	0.622600	1.374666	0.521000
192	1.072791	0.624140	1.370123	0.525100
193	1.062925	0.629120	1.370624	0.524000
194	1.065988	0.623020	1.391975	0.524400
195	1.070489	0.624460	1.362928	0.524600
196	1.076481	0.622560	1.395807	0.519900
197	1.059935	0.631080	1.372192	0.526600
198	1.054768	0.632260	1.373996	0.520900
199	1.057434	0.629760	1.388127	0.526800
200	1.054964	0.629140	1.359808	0.533500
201	1.046042	0.634460	1.372968	0.523800
202	1.042945	0.635940	1.395802	0.517300
203	1.064074	0.625480	1.368139	0.527500
204	1.047118	0.631040	1.369337	0.528500
205	1.042343	0.632420	1.391180	0.522000
206	1.050679	0.630900	1.382567	0.524900
207	1.045824	0.632940	1.397922	0.522800
208	1.048486	0.630300	1.392982	0.523000
209	1.052199	0.626960	1.400518	0.522800
210	1.043651	0.631940	1.383158	0.526500
211	1.046419	0.632900	1.385409	0.528100
212	1.032237	0.636640	1.368557	0.525900
213	1.030623	0.637640	1.396582	0.528200
214	1.046764	0.631660	1.391433	0.523300
215	1.037493	0.636680	1.404551	0.514300
216	1.035858	0.635320	1.368189	0.527500
217	1.028697	0.638380	1.387661	0.519800
218	1.018158	0.641560	1.386307	0.524100
219	1.027587	0.637320	1.391098	0.518700
220	1.033346	0.634380	1.415377	0.512400
221	1.025131	0.640980	1.378251	0.532200
222	1.012496	0.643540	1.395162	0.528900
223	1.011666	0.642720	1.391500	0.524300
224	1.011916	0.642940	1.387892	0.523700
225	1.015914	0.642800	1.382386	0.524300
226	1.005559	0.649100	1.384118	0.525100
227	1.000890	0.649260	1.385643	0.524800
228	1.018102	0.642120	1.419649	0.519000
229	1.023555	0.640960	1.405436	0.523800
230	1.020395	0.641240	1.407350	0.515800
231	1.014658	0.642180	1.404222	0.521100
232	1.002240	0.646420	1.400839	0.526200
233	1.003962	0.645880	1.412244	0.523700
234	0.994856	0.650240	1.406881	0.518600
235	0.995481	0.648680	1.390335	0.526100
236	1.003311	0.647200	1.406078	0.521800
237	0.994700	0.649420	1.395444	0.521500
238	0.992347	0.651040	1.398455	0.522600
239	0.990521	0.651080	1.388203	0.526000
240	1.005127	0.648080	1.399596	0.523300
241	1.000602	0.647180	1.397930	0.527400
242	0.994167	0.652300	1.428141	0.520900
243	0.997666	0.647500	1.401147	0.526700
244	0.977761	0.655000	1.405949	0.522700
245	0.984934	0.651280	1.412279	0.523400
246	0.983614	0.652960	1.408416	0.528200
247	0.986576	0.654180	1.417009	0.518400
248	0.993855	0.649960	1.411263	0.518500
249	0.987215	0.651340	1.406024	0.520200
250	0.972472	0.654780	1.416850	0.523800
251	0.981554	0.653120	1.417048	0.524100
252	0.970961	0.658520	1.422752	0.523500
253	0.962438	0.661260	1.433199	0.522400
254	0.965948	0.658400	1.420059	0.525900
255	0.967819	0.658140	1.424205	0.523100
256	0.975795	0.657900	1.427965	0.521000
257	0.976017	0.655600	1.423400	0.523500
258	0.963129	0.661540	1.412062	0.524400
259	0.966839	0.657280	1.432800	0.519200
260	0.962805	0.659520	1.409442	0.522400
261	0.958634	0.664560	1.416121	0.524300
262	0.968214	0.659720	1.440111	0.512700
263	0.958435	0.661740	1.418201	0.523500
264	0.947504	0.667560	1.438719	0.521600
265	0.947255	0.668000	1.430299	0.522100
266	0.952025	0.663920	1.413206	0.523700
267	0.954657	0.663220	1.415542	0.525900
268	0.955837	0.661600	1.420540	0.520800
269	0.940797	0.666980	1.423201	0.524000
270	0.951388	0.667520	1.422159	0.521900
271	0.941684	0.668820	1.432701	0.524900
272	0.935343	0.672300	1.424208	0.525700
273	0.944851	0.667320	1.422376	0.528500
274	0.943321	0.663980	1.443514	0.521700
275	0.942068	0.668660	1.440205	0.520600
276	0.943859	0.666880	1.448601	0.520400
277	0.950582	0.665960	1.459474	0.513300
278	0.940143	0.668920	1.432269	0.530600
279	0.940278	0.668940	1.449078	0.521200
280	0.940877	0.668380	1.469545	0.517400
281	0.943173	0.663600	1.459003	0.509500
282	0.947227	0.665260	1.446990	0.521200
283	0.943287	0.668700	1.457981	0.521800
284	0.937281	0.669920	1.445216	0.524400
285	0.938513	0.668600	1.438961	0.520500
286	0.934226	0.669740	1.444536	0.520300
287	0.930182	0.671940	1.443051	0.523700
288	0.927256	0.673840	1.445398	0.517400
289	0.924875	0.671880	1.459151	0.517000
290	0.932229	0.668700	1.459550	0.513500
291	0.928849	0.671280	1.460255	0.522900
292	0.919676	0.675780	1.460102	0.520600
293	0.921044	0.672840	1.449461	0.519700
294	0.921460	0.675820	1.455905	0.521400
295	0.922359	0.675800	1.449161	0.521800
296	0.920289	0.674000	1.477070	0.517800
297	0.927396	0.671900	1.457369	0.520400
298	0.916274	0.676360	1.469985	0.519400
299	0.903754	0.681820	1.452489	0.527200
300	0.902548	0.680640	1.468913	0.521200
301	0.905979	0.681140	1.454271	0.525600
302	0.903883	0.683740	1.461592	0.521200
303	0.895500	0.682840	1.464603	0.522200
304	0.901675	0.682060	1.472190	0.518600
305	0.906574	0.682340	1.462833	0.518800
306	0.908373	0.680660	1.494834	0.514900
307	0.909649	0.679600	1.464516	0.519200
308	0.903783	0.681060	1.465835	0.523300
309	0.904312	0.677400	1.477442	0.519700
310	0.908739	0.676960	1.476675	0.520400
311	0.898625	0.682600	1.466504	0.516600
312	0.892322	0.683720	1.476327	0.518100
313	0.895492	0.683920	1.481225	0.511000
314	0.901680	0.680320	1.465698	0.517600
315	0.886953	0.686540	1.459883	0.523200
316	0.890707	0.684020	1.494200	0.519600
317	0.888166	0.686200	1.466718	0.519700
318	0.895387	0.682440	1.495108	0.511000
319	0.891023	0.686480	1.482512	0.514700
320	0.894131	0.685040	1.484876	0.518100
321	0.890962	0.683320	1.495251	0.516400
322	0.898910	0.680760	1.493434	0.516500
323	0.891672	0.685340	1.498654	0.511800
324	0.891857	0.685900	1.509885	0.510000
325	0.880477	0.688360	1.493798	0.514500
326	0.889347	0.686940	1.501368	0.517000
327	0.880857	0.688580	1.489861	0.520300
328	0.872119	0.691620	1.482451	0.520300
329	0.880266	0.689200	1.481018	0.518500
330	0.896818	0.681980	1.490478	0.515400
331	0.887304	0.686920	1.508655	0.515500
332	0.871477	0.692520	1.499967	0.520200
333	0.880749	0.689340	1.508543	0.514000
334	0.868911	0.691660	1.508832	0.517200
335	0.877250	0.691840	1.503847	0.508500
336	0.869735	0.691520	1.498657	0.517100
337	0.874580	0.690600	1.482748	0.513000
338	0.882436	0.687400	1.513924	0.519800
339	0.870053	0.691900	1.505463	0.514500
340	0.869323	0.690060	1.500354	0.516400
341	0.862722	0.696240	1.500848	0.522200
342	0.859927	0.694780	1.519344	0.513700
343	0.878407	0.688960	1.495687	0.523200
344	0.865949	0.694940	1.529200	0.514000
345	0.869062	0.693260	1.515551	0.512400
346	0.859880	0.695340	1.521027	0.523500
347	0.851243	0.698560	1.507087	0.513300
348	0.855094	0.696940	1.522000	0.517700
349	0.856707	0.697440	1.520439	0.511700
350	0.869618	0.690840	1.511368	0.518500
351	0.857411	0.697640	1.522329	0.516100
352	0.849562	0.700720	1.513630	0.517100
353	0.858098	0.695920	1.526021	0.515800
354	0.851733	0.698300	1.522349	0.514100
355	0.850354	0.700200	1.526962	0.512700
356	0.852063	0.694360	1.522796	0.511900
357	0.845636	0.700000	1.524587	0.513500
358	0.841520	0.700520	1.521445	0.515600
359	0.848762	0.699300	1.545397	0.518900
360	0.857963	0.696180	1.550753	0.511500
361	0.852743	0.696840	1.536204	0.518800
362	0.845873	0.702480	1.526495	0.517500
363	0.843560	0.699880	1.553774	0.515700
364	0.842374	0.700500	1.502828	0.519700
365	0.841643	0.702600	1.569074	0.511500
366	0.855421	0.695900	1.518409	0.518300
367	0.840760	0.700200	1.538536	0.517500
368	0.840313	0.700860	1.531775	0.513000
369	0.840825	0.702500	1.534876	0.515900
370	0.827763	0.706880	1.552708	0.511700
371	0.836206	0.703600	1.535986	0.519200
372	0.818403	0.709980	1.539974	0.518000
373	0.827246	0.705980	1.530393	0.512200
374	0.837357	0.702500	1.559189	0.514200
375	0.830276	0.704160	1.535834	0.516000
376	0.822649	0.708320	1.584027	0.507800
377	0.838175	0.702060	1.553169	0.513400
378	0.825885	0.709440	1.567533	0.509700
379	0.828188	0.708700	1.553802	0.520400
380	0.813918	0.711900	1.562004	0.511000
381	0.811508	0.713200	1.544576	0.514700
382	0.807870	0.713080	1.537628	0.519600
383	0.825422	0.709180	1.570978	0.510300
384	0.842832	0.699780	1.596219	0.510300
385	0.832194	0.706620	1.562799	0.512600
386	0.825227	0.707340	1.571883	0.516700
387	0.820024	0.707420	1.582924	0.514400
388	0.820162	0.709040	1.556809	0.515200
389	0.819401	0.709120	1.597746	0.507300
390	0.830469	0.704780	1.577926	0.515800
391	0.819757	0.707400	1.598771	0.512500
392	0.812835	0.710000	1.577383	0.522300
393	0.816951	0.711020	1.582743	0.519400
394	0.818943	0.708520	1.574001	0.511500
395	0.813735	0.712280	1.563730	0.518100
396	0.810710	0.711460	1.571447	0.511000
397	0.812313	0.713280	1.582169	0.511900
398	0.814719	0.710960	1.551668	0.516000
399	0.804513	0.712740	1.563845	0.514100
400	0.798599	0.715900	1.566484	0.511900
401	0.804331	0.712540	1.573779	0.511900
402	0.802520	0.714860	1.582164	0.508300
403	0.810324	0.715240	1.571914	0.510800
404	0.793921	0.719020	1.566684	0.521500
405	0.792057	0.721100	1.583479	0.511500
406	0.804714	0.716820	1.579094	0.516300
407	0.802292	0.715600	1.587673	0.513800
408	0.809413	0.709420	1.572433	0.512500
409	0.795264	0.719540	1.597652	0.511300
410	0.799568	0.717500	1.603848	0.510300
411	0.807024	0.712700	1.599089	0.510300
412	0.807910	0.712880	1.596682	0.513400
413	0.789286	0.720760	1.580737	0.514400
414	0.800508	0.713460	1.583667	0.511000
415	0.795719	0.716840	1.572273	0.510800
416	0.791574	0.716440	1.593881	0.513400
417	0.800058	0.713840	1.635265	0.508600
418	0.789548	0.721000	1.587435	0.515600
419	0.782803	0.722020	1.601580	0.516600
420	0.787883	0.720520	1.613687	0.511300
421	0.799007	0.715560	1.600097	0.511300
422	0.779156	0.724240	1.619057	0.511700
423	0.814753	0.710500	1.630174	0.507200
424	0.794573	0.717100	1.621531	0.512700
425	0.781016	0.722760	1.612080	0.510100
426	0.785429	0.719960	1.623973	0.509700
427	0.797372	0.717040	1.613105	0.508600
428	0.787065	0.719820	1.621658	0.511700
429	0.771702	0.725560	1.618540	0.511600
430	0.784433	0.721760	1.607481	0.509300
431	0.782696	0.723200	1.615666	0.504600
432	0.780585	0.721100	1.586543	0.515700
433	0.774621	0.724060	1.630929	0.511800
434	0.769216	0.726380	1.609221	0.511200
435	0.772741	0.725400	1.626587	0.512800
436	0.778849	0.725000	1.628620	0.508000
437	0.778832	0.721400	1.640902	0.497300
438	0.782676	0.720500	1.628922	0.516900
439	0.799645	0.713280	1.626299	0.509200
440	0.781951	0.720800	1.627715	0.513100
441	0.776785	0.725920	1.620804	0.510600
442	0.780425	0.724500	1.619040	0.511500
443	0.769949	0.725520	1.632393	0.504600
444	0.764928	0.728360	1.632423	0.511900
445	0.759941	0.727540	1.613076	0.512900
446	0.770166	0.726600	1.634464	0.510400
447	0.765305	0.727180	1.642462	0.510100
448	0.774888	0.724260	1.642399	0.504200
449	0.759771	0.729500	1.645676	0.512300
450	0.768621	0.725740	1.681824	0.504500
451	0.787868	0.716500	1.637724	0.510700
452	0.775452	0.724520	1.644199	0.511400
453	0.786105	0.720740	1.646801	0.506700
454	0.772788	0.725920	1.646658	0.502800
455	0.762323	0.726820	1.648625	0.509100
456	0.768292	0.726320	1.661989	0.508200
457	0.774318	0.724080	1.618717	0.508700
458	0.768110	0.725820	1.650008	0.507600
459	0.769099	0.725720	1.674958	0.512000
460	0.770918	0.725760	1.645478	0.508300
461	0.755717	0.731440	1.651599	0.509000
462	0.767193	0.726500	1.647665	0.512900
463	0.761547	0.730920	1.648000	0.509200
464	0.765843	0.729120	1.662310	0.511100
465	0.754113	0.731960	1.638275	0.509900
466	0.748484	0.735200	1.650030	0.512200
467	0.751995	0.732720	1.640210	0.510900
468	0.762132	0.727580	1.685029	0.510600
469	0.746081	0.734600	1.685057	0.504500
470	0.765928	0.725580	1.650083	0.510900
471	0.737964	0.738360	1.659906	0.508800
472	0.745180	0.734940	1.649813	0.508200
473	0.735779	0.738120	1.680669	0.507300
474	0.745059	0.738920	1.693170	0.508600
475	0.749013	0.731280	1.670938	0.511400
476	0.741060	0.736260	1.651637	0.508000
477	0.751718	0.731200	1.682712	0.513700
478	0.740237	0.737180	1.683013	0.511000
479	0.748130	0.735020	1.687608	0.513100
480	0.739569	0.737540	1.656938	0.507800
481	0.754665	0.727980	1.670231	0.511100
482	0.746196	0.734120	1.678762	0.504800
483	0.739438	0.737520	1.662557	0.515000
484	0.740079	0.736880	1.696899	0.504900
485	0.737187	0.738280	1.693653	0.506900
486	0.744863	0.736300	1.720857	0.497400
487	0.741712	0.733180	1.719546	0.509900
488	0.742360	0.735160	1.730017	0.501500
489	0.756149	0.728980	1.678263	0.508300
490	0.732448	0.738900	1.695533	0.510200
491	0.741634	0.734320	1.727516	0.510100
492	0.746841	0.732580	1.674626	0.507500
493	0.743674	0.733140	1.671125	0.502400
494	0.748691	0.733640	1.710077	0.500000
495	0.745631	0.735140	1.705787	0.504700
496	0.758023	0.730560	1.705239	0.501400
497	0.749408	0.734760	1.697953	0.508500
498	0.741750	0.734240	1.708832	0.509700
499	0.747631	0.732120	1.701116	0.505100
500	0.734626	0.739480	1.724274	0.509000
501	0.738565	0.734120	1.703731	0.513500
502	0.741500	0.736400	1.708975	0.506800
503	0.736555	0.736260	1.693218	0.506500
504	0.729868	0.740080	1.728445	0.506400
505	0.742957	0.733220	1.685343	0.505700
506	0.734809	0.737700	1.687784	0.505500
507	0.740666	0.736320	1.748518	0.506500
508	0.739389	0.737940	1.698279	0.505900
509	0.733966	0.738720	1.736671	0.507800
510	0.730681	0.738780	1.721163	0.504000
511	0.727158	0.740920	1.706399	0.505000
512	0.728140	0.740720	1.718869	0.500600
513	0.719620	0.742440	1.710387	0.505000
514	0.710644	0.748920	1.707095	0.505900
515	0.722056	0.742700	1.725919	0.505800
516	0.716169	0.744140	1.722657	0.502200
517	0.712665	0.746920	1.750120	0.504800
518	0.723170	0.741280	1.733830	0.509700
519	0.718357	0.744480	1.733766	0.512300
520	0.718834	0.742460	1.733659	0.505600
521	0.727955	0.740160	1.713614	0.507800
522	0.734150	0.734360	1.719896	0.510500
523	0.710687	0.746440	1.719854	0.504000
524	0.712971	0.746940	1.766110	0.509100
525	0.719664	0.742800	1.722424	0.505100
526	0.729954	0.739420	1.751478	0.510900
527	0.726993	0.741500	1.749019	0.501100
528	0.725577	0.741540	1.745535	0.504900
529	0.717521	0.743760	1.755540	0.506200
530	0.694257	0.752260	1.725961	0.507400
531	0.705371	0.748240	1.738578	0.512900
532	0.696444	0.753240	1.738029	0.506300
533	0.704779	0.747200	1.754740	0.496500
534	0.718729	0.741720	1.764568	0.504700
535	0.701031	0.748940	1.763441	0.503800
536	0.711356	0.749020	1.765199	0.504700
537	0.698967	0.749980	1.751934	0.500400
538	0.705004	0.750160	1.752505	0.504800
539	0.703371	0.748440	1.755980	0.503300
540	0.701899	0.749480	1.777747	0.507100
541	0.705365	0.747720	1.771579	0.508300
542	0.709498	0.748020	1.712768	0.506000
543	0.715151	0.744460	1.784695	0.504300
544	0.710240	0.747460	1.750756	0.502600
545	0.694178	0.751240	1.725234	0.508900
546	0.690689	0.754240	1.748205	0.510500
547	0.700547	0.750440	1.747205	0.498100
548	0.716333	0.742420	1.783745	0.504100
549	0.711918	0.745980	1.786288	0.509700
550	0.701046	0.752300	1.771593	0.497800
551	0.721111	0.742440	1.734508	0.504400
552	0.703877	0.748180	1.764581	0.505600
553	0.698154	0.749360	1.763275	0.503100
554	0.703686	0.748540	1.781056	0.503000
555	0.707827	0.746940	1.788718	0.501500
556	0.693767	0.752200	1.743027	0.505900
557	0.693018	0.752120	1.790981	0.505500
558	0.692163	0.754260	1.771287	0.501600
559	0.702111	0.751520	1.766712	0.507800
560	0.694401	0.752660	1.769935	0.504400
561	0.689496	0.754540	1.781907	0.499300
562	0.685468	0.754780	1.786158	0.503200
563	0.697538	0.750840	1.772622	0.497200
564	0.714013	0.743360	1.771119	0.499400
565	0.704866	0.748760	1.789305	0.509400
566	0.686065	0.754000	1.830869	0.511100
567	0.689420	0.753800	1.782403	0.502200
568	0.686575	0.752800	1.793537	0.507500
569	0.690444	0.752180	1.783985	0.500100
570	0.686156	0.756200	1.784280	0.502800
571	0.677540	0.758580	1.781439	0.501400
572	0.682695	0.755820	1.816282	0.497600
573	0.686380	0.756360	1.773818	0.499900
574	0.686151	0.757460	1.805592	0.499100
575	0.705289	0.750660	1.804948	0.500000
576	0.695333	0.750500	1.779576	0.512300
577	0.697799	0.749400	1.802636	0.501700
578	0.695549	0.752300	1.782637	0.502900
579	0.697166	0.749440	1.828167	0.502800
580	0.686196	0.755520	1.832177	0.504800
581	0.694257	0.750820	1.821481	0.504000
582	0.681945	0.755320	1.818030	0.505300
583	0.692178	0.750720	1.798198	0.507200
584	0.672792	0.759000	1.815410	0.501800
585	0.665285	0.763160	1.813146	0.504800
586	0.680529	0.758180	1.841290	0.507100
587	0.690445	0.753140	1.794356	0.498400
588	0.677536	0.759140	1.830125	0.509100
589	0.667913	0.761340	1.809879	0.503800
590	0.675782	0.759680	1.803059	0.501800
591	0.671033	0.759540	1.807448	0.502900
592	0.669881	0.760780	1.810496	0.508400
593	0.658148	0.765040	1.831562	0.506300
594	0.673407	0.758980	1.787536	0.505700
595	0.683432	0.757520	1.808890	0.506700
596	0.696218	0.751860	1.817999	0.499400
597	0.683443	0.754840	1.823500	0.500300
598	0.670159	0.760880	1.832016	0.503000
599	0.679194	0.758720	1.837813	0.502600
600	0.665875	0.762840	1.815894	0.503100
601	0.674722	0.761520	1.815532	0.501200
602	0.658938	0.764140	1.834170	0.501300
603	0.667683	0.764660	1.835948	0.503200
604	0.662924	0.763260	1.870752	0.500600
605	0.684272	0.753200	1.824502	0.501100
606	0.687514	0.753020	1.850608	0.500700
607	0.675346	0.760100	1.821136	0.503500
608	0.664572	0.762940	1.840301	0.499900
609	0.676774	0.757880	1.840014	0.502100
610	0.678295	0.757720	1.865255	0.499300
611	0.666213	0.763200	1.882478	0.507300
612	0.666369	0.760520	1.868026	0.494600
613	0.658725	0.763840	1.839075	0.501000
614	0.679256	0.756760	1.845617	0.498800
615	0.674256	0.758680	1.831303	0.495600
616	0.673884	0.759280	1.865427	0.497500
617	0.662407	0.764160	1.890441	0.496700
618	0.679397	0.758300	1.846785	0.504800
619	0.659301	0.765060	1.852695	0.502900
620	0.668772	0.761320	1.870342	0.503100
621	0.671434	0.760300	1.826363	0.507500
622	0.664310	0.762360	1.834756	0.502500
623	0.670760	0.760500	1.867192	0.499700
624	0.668032	0.760180	1.862611	0.503900
625	0.665958	0.764200	1.850129	0.504600
626	0.660860	0.764340	1.865589	0.506000
627	0.677569	0.757640	1.869078	0.497900
628	0.653395	0.769100	1.837535	0.508700
629	0.641644	0.772360	1.874901	0.498500
630	0.637941	0.774520	1.870942	0.506800
631	0.636108	0.771320	1.876736	0.503600
632	0.651583	0.768440	1.861312	0.500400
633	0.660588	0.763980	1.864430	0.497600
634	0.657469	0.764020	1.848589	0.501300
635	0.660052	0.765340	1.877305	0.500600
636	0.653032	0.765520	1.888398	0.499800
637	0.665944	0.762040	1.862329	0.508000
638	0.656855	0.763680	1.860337	0.505100
639	0.656014	0.765500	1.867302	0.505800
640	0.640223	0.772460	1.864544	0.502300
641	0.649189	0.768380	1.870071	0.501100
642	0.646491	0.768540	1.936561	0.502500
643	0.659390	0.762440	1.853913	0.494000
644	0.657326	0.764780	1.886944	0.498800
645	0.656429	0.764640	1.915671	0.500500
646	0.645935	0.770600	1.860509	0.501300
647	0.657728	0.764880	1.876061	0.496700
648	0.654347	0.766720	1.914950	0.498100
649	0.654975	0.766360	1.847885	0.499300
650	0.648592	0.770520	1.950931	0.493600
651	0.644074	0.770160	1.911288	0.500000
652	0.627136	0.777820	1.854284	0.499500
653	0.636147	0.772360	1.878193	0.506100
654	0.644844	0.771900	1.863140	0.499800
655	0.626771	0.777980	1.910786	0.498100
656	0.636585	0.772480	1.863445	0.499000
657	0.651651	0.764020	1.934604	0.497100
658	0.648024	0.769080	1.942878	0.494600
659	0.654554	0.765900	1.861561	0.505300
660	0.640390	0.770820	1.947570	0.498200
661	0.666572	0.760020	1.901817	0.495500
662	0.648615	0.767700	1.893343	0.495800
663	0.653807	0.765680	1.928661	0.502300
664	0.643455	0.771200	1.921718	0.500500
665	0.636850	0.772580	1.905302	0.497700
666	0.639120	0.770920	1.912858	0.501600
667	0.613180	0.782100	1.881554	0.500500
668	0.630870	0.775120	1.928593	0.503300
669	0.646560	0.769040	1.907269	0.502700
670	0.651094	0.768260	1.956656	0.496000
671	0.647116	0.769280	1.930133	0.498900
672	0.635732	0.775120	1.932267	0.501500
673	0.636959	0.772740	1.927466	0.499500
674	0.632806	0.772200	1.950451	0.493900
675	0.643946	0.767880	1.915172	0.502500
676	0.633537	0.776020	1.939281	0.497900
677	0.635635	0.773140	1.913806	0.497600
678	0.641126	0.770220	1.922687	0.499800
679	0.629035	0.774340	1.945492	0.503100
680	0.628270	0.776660	1.943238	0.505600
681	0.618902	0.779740	1.923740	0.496800
682	0.636962	0.769340	1.921848	0.499600
683	0.641181	0.771660	1.974017	0.498700
684	0.631836	0.774340	1.959821	0.492300
685	0.637296	0.771300	1.968585	0.493200
686	0.651776	0.766260	1.942630	0.497800
687	0.634132	0.771420	1.932731	0.497200
688	0.621704	0.778400	1.937226	0.499400
689	0.628991	0.777300	1.946026	0.500000
690	0.619975	0.779500	1.956632	0.501800
691	0.622845	0.777440	1.938910	0.495400
692	0.619354	0.779660	1.953899	0.501900
693	0.622606	0.778140	1.937462	0.502000
694	0.626705	0.774840	1.932016	0.493500
695	0.634457	0.771440	1.965962	0.500000
696	0.657304	0.764920	1.971052	0.496900
697	0.646721	0.766440	1.944488	0.499800
698	0.638648	0.770600	1.937096	0.499500
699	0.629937	0.774000	1.934863	0.501400
700	0.625431	0.776620	1.929623	0.490500
701	0.619739	0.776340	1.962638	0.500000
702	0.634406	0.770920	1.965437	0.490000
703	0.634616	0.775620	1.962264	0.497900
704	0.633975	0.771880	1.956859	0.496400
705	0.639025	0.771200	1.969486	0.499900
706	0.630772	0.773780	1.928067	0.496400
707	0.638232	0.769620	1.962380	0.495700
708	0.633329	0.774600	1.991336	0.500800
709	0.622519	0.776900	1.988103	0.503600
710	0.631058	0.774540	1.962121	0.493400
711	0.639781	0.772900	1.967869	0.495700
712	0.619596	0.778480	2.027037	0.497800
713	0.623733	0.777760	2.002295	0.497600
714	0.634553	0.771680	1.966398	0.499800
715	0.628057	0.774280	2.001586	0.495500
716	0.629408	0.773420	2.000052	0.498500
717	0.637817	0.771620	1.939023	0.499100
718	0.618412	0.780320	1.984489	0.501100
719	0.618092	0.777580	1.995427	0.496000
720	0.632533	0.774340	1.997179	0.496200
721	0.615104	0.779800	1.955401	0.496400
722	0.611959	0.781700	1.992221	0.501100
723	0.621674	0.777300	1.982759	0.494600
724	0.645658	0.769460	1.972041	0.494900
725	0.630989	0.776240	2.005103	0.493300
726	0.621371	0.779740	1.949407	0.497500
727	0.621695	0.777160	2.030170	0.501300
728	0.625614	0.775760	2.006799	0.497600
729	0.607259	0.783680	2.005453	0.496200
730	0.616725	0.781540	1.995638	0.495800
731	0.587678	0.792160	2.017200	0.495400
732	0.606556	0.785440	1.989865	0.497500
733	0.606608	0.785320	1.975806	0.497500
734	0.606083	0.781640	2.001613	0.496900
735	0.599016	0.785780	2.032149	0.493300
736	0.601394	0.785720	1.980296	0.495400
737	0.602476	0.784780	1.982769	0.504000
738	0.601781	0.784500	2.014310	0.496300
739	0.599980	0.786340	2.005074	0.496500
740	0.603391	0.782960	1.999635	0.501600
741	0.610922	0.783100	1.997116	0.493600
742	0.611902	0.782720	2.012113	0.492400
743	0.622612	0.776160	2.005670	0.502100
744	0.608453	0.784420	2.002333	0.490800
745	0.606263	0.783380	2.023198	0.497600
746	0.610550	0.779860	2.058221	0.495800
747	0.626316	0.776400	2.053111	0.489900
748	0.630281	0.773060	2.004543	0.494500
749	0.607539	0.784380	1.976439	0.501000
750	0.595659	0.787780	2.046313	0.494100
751	0.600313	0.785380	2.004851	0.507100
752	0.611642	0.779700	2.040658	0.493200
753	0.607482	0.781060	2.028768	0.501400
754	0.612982	0.780080	1.994089	0.489500
755	0.606337	0.782820	2.054103	0.495100
756	0.605199	0.783660	1.991374	0.498700
757	0.593358	0.788260	2.014611	0.495000
758	0.578629	0.792260	1.992757	0.498600
759	0.599859	0.786280	2.025593	0.493600
760	0.595988	0.786580	1.989658	0.499300
761	0.589149	0.787720	2.027620	0.499000
762	0.588323	0.791680	2.061163	0.499600
763	0.587635	0.790100	2.028196	0.496500
764	0.579316	0.794020	2.030822	0.498300
765	0.589887	0.790400	1.999303	0.499100
766	0.593015	0.787540	2.066478	0.498200
767	0.585477	0.791580	2.028048	0.502200
768	0.592427	0.788140	2.022199	0.493500
769	0.602605	0.785120	2.043425	0.488500
770	0.615611	0.777620	2.051037	0.494500
771	0.604995	0.781800	2.075091	0.491600
772	0.591077	0.788700	2.011699	0.498800
773	0.591443	0.787620	2.042316	0.498600
774	0.590289	0.788800	2.059365	0.498200
775	0.591312	0.788340	2.085937	0.495500
776	0.600061	0.784380	2.052315	0.497400
777	0.612025	0.782680	2.088326	0.492500
778	0.606287	0.782820	2.019502	0.488200
779	0.602596	0.785300	2.055656	0.494500
780	0.600746	0.785080	2.069148	0.498900
781	0.598460	0.784880	2.031717	0.505500
782	0.576762	0.795340	2.038016	0.496300
783	0.586863	0.788400	2.071665	0.499500
784	0.601011	0.785940	2.003894	0.497700
785	0.600918	0.784720	2.064589	0.493200
786	0.605803	0.781180	2.085371	0.493700
787	0.598309	0.784540	2.055739	0.496900
788	0.594403	0.786760	2.048888	0.496500
789	0.596092	0.786180	2.032659	0.493500
790	0.604025	0.784720	2.034066	0.496900
791	0.580652	0.791880	2.014511	0.502900
792	0.586848	0.789960	2.048247	0.496900
793	0.593906	0.789280	2.051992	0.494900
794	0.583187	0.791300	2.072700	0.492500
795	0.594805	0.788360	2.056627	0.498300
796	0.599708	0.784420	2.060364	0.495200
797	0.596722	0.786040	2.059457	0.494800
798	0.591047	0.788340	2.058442	0.499700
799	0.586887	0.790060	2.086819	0.492300
800	0.576058	0.793720	2.104895	0.494100
801	0.597921	0.788200	2.067994	0.491700
802	0.580200	0.791800	2.075734	0.495900
803	0.589203	0.789240	2.094082	0.489300
804	0.588985	0.789220	2.049156	0.490400
805	0.592056	0.788380	2.009770	0.497800
806	0.585072	0.791900	2.152820	0.492500
807	0.611467	0.781100	2.068448	0.500400
808	0.594439	0.787760	2.119193	0.494600
809	0.580557	0.793340	2.095669	0.495200
810	0.577782	0.793140	2.088571	0.488200
811	0.588164	0.791640	2.049435	0.493400
812	0.585949	0.788940	2.101662	0.495600
813	0.572517	0.795160	2.095194	0.499700
814	0.583737	0.791300	2.100447	0.495400
815	0.573693	0.796800	2.123352	0.495900
816	0.581515	0.792340	2.076813	0.499100
817	0.586584	0.789740	2.052745	0.496300
818	0.573337	0.795440	2.043456	0.494500
819	0.575697	0.795720	2.083352	0.495800
820	0.581076	0.792500	2.066597	0.493800
821	0.587249	0.788880	2.084794	0.496000
822	0.592623	0.787440	2.103699	0.491800
823	0.571299	0.797600	2.065855	0.493300
824	0.586323	0.791420	2.127873	0.486700
825	0.586236	0.789020	2.062843	0.493300
826	0.597314	0.784120	2.094912	0.490800
827	0.616486	0.779180	2.094794	0.492900
828	0.588334	0.788900	2.080535	0.501100
829	0.571140	0.795820	2.112402	0.495900
830	0.578992	0.792800	2.109202	0.490100
831	0.581886	0.791100	2.095745	0.492100
832	0.582663	0.792420	2.080676	0.494000
833	0.571209	0.798940	2.129971	0.494900
834	0.580155	0.792120	2.090680	0.491300
835	0.566839	0.797080	2.093081	0.494400
836	0.566000	0.796480	2.114620	0.496600
837	0.565755	0.796820	2.116066	0.494200
838	0.560955	0.799660	2.111088	0.494600
839	0.573896	0.794800	2.065069	0.492100
840	0.577853	0.791280	2.150608	0.497000
841	0.567533	0.798000	2.138653	0.486800
842	0.576559	0.794740	2.091620	0.492300
843	0.591668	0.788160	2.167985	0.491700
844	0.572884	0.792900	2.123787	0.493400
845	0.579291	0.792980	2.119442	0.490600
846	0.564862	0.797880	2.133844	0.495100
847	0.565515	0.797320	2.162088	0.488700
848	0.568996	0.798320	2.119503	0.494700
849	0.561833	0.798920	2.098855	0.497600
850	0.550772	0.803940	2.102548	0.496300
851	0.558883	0.799580	2.128148	0.494800
852	0.561349	0.798100	2.135558	0.492600
853	0.567631	0.797000	2.141312	0.489900
854	0.565608	0.796520	2.116124	0.493600
855	0.571823	0.796420	2.151722	0.494600
856	0.562201	0.800200	2.143302	0.495200
857	0.570762	0.795140	2.104021	0.493100
858	0.556911	0.799400	2.134477	0.491200
859	0.564258	0.797820	2.176906	0.494300
860	0.574184	0.795540	2.168693	0.493300
861	0.576824	0.793500	2.139055	0.483600
862	0.581121	0.789660	2.133847	0.493500
863	0.576252	0.792940	2.076846	0.487200
864	0.586113	0.790180	2.095260	0.494000
865	0.561618	0.798760	2.151974	0.496900
866	0.584004	0.790920	2.149537	0.491700
867	0.571241	0.795740	2.142046	0.491200
868	0.573577	0.796700	2.091503	0.494000
869	0.556825	0.798600	2.132531	0.498000
870	0.573305	0.795420	2.117997	0.489000
871	0.562565	0.799760	2.079993	0.497300
872	0.556298	0.800940	2.158073	0.498400
873	0.550959	0.804560	2.115364	0.493500
874	0.560010	0.800440	2.182222	0.493600
875	0.572953	0.793400	2.139475	0.492000
876	0.554477	0.800980	2.145755	0.496500
877	0.548672	0.804980	2.147433	0.493100
878	0.569106	0.796620	2.101086	0.495300
879	0.560328	0.799380	2.172816	0.485500
880	0.565131	0.795580	2.126738	0.498500
881	0.558785	0.799300	2.174574	0.492200
882	0.545672	0.806960	2.177909	0.493100
883	0.551713	0.802040	2.154410	0.491100
884	0.562518	0.799100	2.170657	0.493900
885	0.555000	0.801120	2.159417	0.490700
886	0.558232	0.801420	2.160529	0.495000
887	0.558202	0.800840	2.186046	0.493800
888	0.555912	0.800600	2.159730	0.490900
889	0.564728	0.797720	2.156883	0.501100
890	0.564036	0.797100	2.174349	0.487700
891	0.553179	0.801580	2.146578	0.494400
892	0.549559	0.803200	2.187122	0.495600
893	0.554330	0.801980	2.226014	0.493500
894	0.562147	0.799080	2.156714	0.492100
895	0.561698	0.799960	2.126076	0.489000
896	0.579728	0.791720	2.141154	0.487900
897	0.555081	0.800140	2.204361	0.493000
898	0.545050	0.806200	2.168343	0.487700
899	0.572659	0.795080	2.154193	0.492700
900	0.579251	0.792880	2.209354	0.491700
901	0.564204	0.799440	2.209390	0.494400
902	0.547856	0.802620	2.190147	0.487700
903	0.575931	0.793060	2.201958	0.487700
904	0.573113	0.794480	2.177791	0.490800
905	0.552884	0.801320	2.138020	0.496300
906	0.543508	0.806920	2.211452	0.489200
907	0.558664	0.800740	2.232769	0.485500
908	0.559518	0.800800	2.164852	0.491100
909	0.545528	0.804760	2.171177	0.497700
910	0.553360	0.800960	2.216897	0.487400
911	0.569974	0.796400	2.151786	0.491500
912	0.543497	0.805960	2.219326	0.493100
913	0.547118	0.803660	2.158862	0.493600
914	0.535007	0.811560	2.224236	0.493700
915	0.531112	0.810080	2.167776	0.490800
916	0.558139	0.800680	2.190189	0.491900
917	0.577534	0.793240	2.223197	0.494500
918	0.559847	0.799600	2.187988	0.489900
919	0.544579	0.804040	2.189123	0.490300
920	0.557582	0.800560	2.156387	0.491400
921	0.566904	0.796600	2.190357	0.495000
922	0.551301	0.803360	2.156331	0.491800
923	0.530423	0.812480	2.199973	0.502200
924	0.557537	0.801840	2.216162	0.491500
925	0.556854	0.801380	2.192458	0.487900
926	0.541552	0.806980	2.217306	0.488800
927	0.540779	0.805660	2.192702	0.492000
928	0.544578	0.804820	2.196164	0.491900
929	0.549452	0.802680	2.255982	0.488100
930	0.549945	0.803600	2.225934	0.492100
931	0.535187	0.808760	2.211510	0.494400
932	0.540380	0.807560	2.195095	0.490500
933	0.534718	0.808100	2.226269	0.488200
934	0.548981	0.803100	2.213774	0.494600
935	0.544744	0.805560	2.217442	0.494300
936	0.529589	0.811700	2.224428	0.492600
937	0.549823	0.803900	2.205446	0.486800
938	0.537625	0.807960	2.210391	0.493700
939	0.545854	0.805280	2.239151	0.496200
940	0.549420	0.804580	2.232257	0.488900
941	0.550206	0.803760	2.274079	0.488400
942	0.556302	0.802320	2.197054	0.494900
943	0.538383	0.808800	2.211077	0.495300
944	0.540971	0.808340	2.237533	0.490200
945	0.547162	0.803420	2.253931	0.493200
946	0.534203	0.809460	2.205131	0.485100
947	0.542363	0.805060	2.270097	0.494800
948	0.538484	0.807120	2.197914	0.490100
949	0.566136	0.798180	2.242163	0.490200
950	0.552500	0.801760	2.243549	0.486700
951	0.538176	0.809660	2.277101	0.490200
952	0.521276	0.816400	2.277061	0.496100
953	0.522992	0.814120	2.252633	0.488100
954	0.559767	0.800480	2.207046	0.490800
955	0.546429	0.805180	2.230220	0.486100
956	0.536176	0.808440	2.283796	0.486700
957	0.548234	0.802620	2.261974	0.491500
958	0.554171	0.802260	2.220353	0.491500
959	0.527236	0.813260	2.224077	0.489700
960	0.535116	0.809740	2.252162	0.489700
961	0.516750	0.816960	2.216933	0.492700
962	0.533568	0.806880	2.247564	0.488300
963	0.531105	0.807880	2.245086	0.483500
964	0.536140	0.806880	2.248463	0.493000
965	0.524767	0.812420	2.265211	0.492800
966	0.543878	0.804360	2.300031	0.486900
967	0.542732	0.807460	2.181814	0.494600
968	0.557874	0.798900	2.222169	0.486300
969	0.541345	0.806900	2.250039	0.490400
970	0.536336	0.810360	2.312764	0.491100
971	0.512510	0.817360	2.300531	0.486100
972	0.538727	0.805280	2.215262	0.491900
973	0.538951	0.808880	2.290740	0.494000
974	0.531675	0.810000	2.271099	0.489400
975	0.528775	0.813800	2.275181	0.490300
976	0.539452	0.809060	2.237440	0.490500
977	0.538914	0.809860	2.239864	0.489800
978	0.541491	0.807840	2.237070	0.490500
979	0.535917	0.811100	2.326075	0.493900
980	0.514189	0.817720	2.273977	0.489400
981	0.520404	0.814160	2.265897	0.490300
982	0.522966	0.812540	2.344457	0.487900
983	0.535619	0.809820	2.299462	0.493000
984	0.540660	0.806460	2.289856	0.489800
985	0.532348	0.809160	2.293282	0.493700
986	0.526812	0.812100	2.238701	0.490000
987	0.531368	0.806400	2.280739	0.488200
988	0.526052	0.812220	2.314484	0.492000
989	0.527787	0.808600	2.290166	0.487300
990	0.541789	0.804420	2.276215	0.489200
991	0.527577	0.812840	2.273712	0.490100
992	0.555085	0.801800	2.252986	0.489500
993	0.544753	0.805180	2.289533	0.484900
994	0.547040	0.802380	2.258045	0.492200
995	0.536053	0.808480	2.292823	0.489600
996	0.532395	0.812120	2.317615	0.492000
997	0.517548	0.816220	2.304535	0.486500
998	0.530341	0.810060	2.304110	0.488600
999	0.543857	0.804080	2.311696	0.495600
